Symbol,Date,Open,High,Low,Close,Volume,Sector,Index
,,CUMMINSIND.NS,CUMMINSIND.NS,CUMMINSIND.NS,CUMMINSIND.NS,CUMMINSIND.NS,,
CUMMINSIND,2002-07-01,41.42856979370117,42.14285659790039,41.07142639160156,41.17856979370117,66063,,NSE
CUMMINSIND,2002-07-02,41.21428680419922,41.60714340209961,40.71428680419922,41.07142639160156,82525,,NSE
CUMMINSIND,2002-07-03,41.39285659790039,41.78571319580078,40.78571319580078,40.96428680419922,71071,,NSE
CUMMINSIND,2002-07-04,41.42856979370117,43.42856979370117,41.07142639160156,42.35714340209961,282322,,NSE
CUMMINSIND,2002-07-05,43.21428680419922,44.03571319580078,42.35714340209961,42.67856979370117,346508,,NSE
CUMMINSIND,2002-07-08,43.60714340209961,45.64285659790039,43.53571319580078,44.82142639160156,543747,,NSE
CUMMINSIND,2002-07-09,45.28571319580078,45.71428680419922,43.92856979370117,44.14285659790039,239768,,NSE
CUMMINSIND,2002-07-10,44.64285659790039,44.64285659790039,42.5,42.75,104104,,NSE
CUMMINSIND,2002-07-11,42.57142639160156,42.78571319580078,41.42856979370117,41.57142639160156,106318,,NSE
CUMMINSIND,2002-07-12,42.10714340209961,42.5,40.57142639160156,40.85714340209961,125902,,NSE
CUMMINSIND,2002-07-15,43.5,43.5,39.64285659790039,39.96428680419922,164771,,NSE
CUMMINSIND,2002-07-16,40.67856979370117,41.07142639160156,39.89285659790039,40.07142639160156,90895,,NSE
CUMMINSIND,2002-07-17,40.32142639160156,40.85714340209961,40.0,40.5,78310,,NSE
CUMMINSIND,2002-07-18,41.42856979370117,41.78571319580078,40.10714340209961,40.71428680419922,103882,,NSE
CUMMINSIND,2002-07-19,40.78571319580078,41.03571319580078,40.53571319580078,40.82142639160156,38649,,NSE
CUMMINSIND,2002-07-22,40.53571319580078,42.14285659790039,40.53571319580078,40.78571319580078,112443,,NSE
CUMMINSIND,2002-07-23,40.71428680419922,41.42856979370117,40.5,41.0,63974,,NSE
CUMMINSIND,2002-07-24,41.21428680419922,41.35714340209961,39.64285659790039,40.17856979370117,129234,,NSE
CUMMINSIND,2002-07-25,40.89285659790039,41.78571319580078,40.0,40.0,59066,,NSE
CUMMINSIND,2002-07-26,39.28571319580078,39.92856979370117,38.57142639160156,39.46428680419922,83461,,NSE
CUMMINSIND,2002-07-29,36.5,37.85714340209961,34.46428680419922,35.78571319580078,299093,,NSE
CUMMINSIND,2002-07-30,36.78571319580078,37.32142639160156,36.14285659790039,36.57142639160156,74186,,NSE
CUMMINSIND,2002-07-31,35.82142639160156,37.75,35.71428680419922,37.42856979370117,71012,,NSE
CUMMINSIND,2002-08-01,37.67856979370117,38.17856979370117,37.14285659790039,37.21428680419922,50454,,NSE
CUMMINSIND,2002-08-02,37.07142639160156,37.64285659790039,36.42856979370117,37.14285659790039,63561,,NSE
CUMMINSIND,2002-08-05,37.78571319580078,37.78571319580078,36.92856979370117,37.14285659790039,30200,,NSE
CUMMINSIND,2002-08-06,37.17856979370117,37.82142639160156,37.14285659790039,37.46428680419922,27781,,NSE
CUMMINSIND,2002-08-07,37.92856979370117,37.92856979370117,36.82142639160156,36.96428680419922,65058,,NSE
CUMMINSIND,2002-08-08,37.32142639160156,37.42856979370117,36.10714340209961,36.35714340209961,24858,,NSE
CUMMINSIND,2002-08-09,36.85714340209961,37.78571319580078,36.67856979370117,37.35714340209961,35914,,NSE
CUMMINSIND,2002-08-12,37.17856979370117,37.5,36.85714340209961,37.0,28030,,NSE
CUMMINSIND,2002-08-13,37.0,37.5,36.92856979370117,37.07142639160156,12992,,NSE
CUMMINSIND,2002-08-14,36.89285659790039,41.85714340209961,36.78571319580078,38.71428680419922,386051,,NSE
CUMMINSIND,2002-08-15,38.71428680419922,38.71428680419922,38.71428680419922,38.71428680419922,0,,NSE
CUMMINSIND,2002-08-16,39.71428680419922,39.92856979370117,38.57142639160156,39.17856979370117,175105,,NSE
CUMMINSIND,2002-08-19,39.85714340209961,40.0,39.17856979370117,39.60714340209961,119204,,NSE
CUMMINSIND,2002-08-20,39.89285659790039,39.96428680419922,39.14285659790039,39.42856979370117,43755,,NSE
CUMMINSIND,2002-08-21,39.75,39.92856979370117,39.28571319580078,39.32142639160156,33367,,NSE
CUMMINSIND,2002-08-22,39.28571319580078,39.64285659790039,38.78571319580078,39.35714340209961,94095,,NSE
CUMMINSIND,2002-08-23,39.35714340209961,39.64285659790039,39.28571319580078,39.42856979370117,32474,,NSE
CUMMINSIND,2002-08-26,39.28571319580078,39.53571319580078,39.10714340209961,39.17856979370117,74516,,NSE
CUMMINSIND,2002-08-27,39.28571319580078,39.42856979370117,38.60714340209961,38.89285659790039,101945,,NSE
CUMMINSIND,2002-08-28,38.92856979370117,39.14285659790039,38.75,38.92856979370117,49938,,NSE
CUMMINSIND,2002-08-29,38.96428680419922,39.28571319580078,38.75,38.92856979370117,32978,,NSE
CUMMINSIND,2002-08-30,38.92856979370117,39.28571319580078,38.89285659790039,38.96428680419922,31623,,NSE
CUMMINSIND,2002-09-02,39.89285659790039,39.89285659790039,38.92856979370117,39.21428680419922,40707,,NSE
CUMMINSIND,2002-09-03,38.85714340209961,38.85714340209961,37.57142639160156,38.0,52453,,NSE
CUMMINSIND,2002-09-04,37.85714340209961,38.21428680419922,37.14285659790039,37.46428680419922,50633,,NSE
CUMMINSIND,2002-09-05,37.82142639160156,37.85714340209961,37.14285659790039,37.21428680419922,20680,,NSE
CUMMINSIND,2002-09-06,37.21428680419922,38.0,36.42856979370117,36.5,36138,,NSE
CUMMINSIND,2002-09-09,37.03571319580078,37.03571319580078,35.78571319580078,36.17856979370117,35271,,NSE
CUMMINSIND,2002-09-10,36.17856979370117,36.17856979370117,36.17856979370117,36.17856979370117,0,,NSE
CUMMINSIND,2002-09-11,36.60714340209961,36.75,36.07142639160156,36.32142639160156,17004,,NSE
CUMMINSIND,2002-09-12,36.42856979370117,36.57142639160156,35.78571319580078,36.0,35036,,NSE
CUMMINSIND,2002-09-13,36.25,36.28571319580078,35.42856979370117,35.57142639160156,47937,,NSE
CUMMINSIND,2002-09-16,36.32142639160156,36.32142639160156,35.5,35.64285659790039,29201,,NSE
CUMMINSIND,2002-09-17,35.71428680419922,36.07142639160156,35.42856979370117,35.71428680419922,161771,,NSE
CUMMINSIND,2002-09-18,35.71428680419922,36.25,35.35714340209961,35.53571319580078,26272,,NSE
CUMMINSIND,2002-09-19,35.14285659790039,35.42856979370117,34.67856979370117,34.78571319580078,27493,,NSE
CUMMINSIND,2002-09-20,34.32142639160156,35.17856979370117,34.32142639160156,34.82142639160156,17270,,NSE
CUMMINSIND,2002-09-23,34.85714340209961,35.5,34.5,34.64285659790039,158408,,NSE
CUMMINSIND,2002-09-24,34.78571319580078,34.78571319580078,34.32142639160156,34.39285659790039,12180,,NSE
CUMMINSIND,2002-09-25,34.32142639160156,34.64285659790039,34.07142639160156,34.14285659790039,17669,,NSE
CUMMINSIND,2002-09-26,34.14285659790039,34.64285659790039,33.92856979370117,34.10714340209961,11529,,NSE
CUMMINSIND,2002-09-27,34.46428680419922,34.64285659790039,34.28571319580078,34.35714340209961,11485,,NSE
CUMMINSIND,2002-09-30,34.46428680419922,34.64285659790039,33.96428680419922,34.25,13447,,NSE
CUMMINSIND,2002-10-01,34.35714340209961,34.92856979370117,33.92856979370117,34.07142639160156,18177,,NSE
CUMMINSIND,2002-10-02,34.07142639160156,34.07142639160156,34.07142639160156,34.07142639160156,0,,NSE
CUMMINSIND,2002-10-03,34.32142639160156,34.35714340209961,32.5,32.64285659790039,68231,,NSE
CUMMINSIND,2002-10-04,33.42856979370117,33.71428680419922,32.75,32.82142639160156,23172,,NSE
CUMMINSIND,2002-10-07,33.57142639160156,33.57142639160156,32.17856979370117,32.92856979370117,48449,,NSE
CUMMINSIND,2002-10-08,33.82142639160156,33.92856979370117,32.85714340209961,32.89285659790039,33401,,NSE
CUMMINSIND,2002-10-09,32.89285659790039,33.89285659790039,32.89285659790039,33.46428680419922,25453,,NSE
CUMMINSIND,2002-10-10,33.46428680419922,33.46428680419922,32.89285659790039,33.25,17663,,NSE
CUMMINSIND,2002-10-11,33.85714340209961,33.85714340209961,32.92856979370117,33.03571319580078,13102,,NSE
CUMMINSIND,2002-10-14,33.21428680419922,33.53571319580078,32.92856979370117,33.10714340209961,10910,,NSE
CUMMINSIND,2002-10-15,33.10714340209961,33.10714340209961,33.10714340209961,33.10714340209961,0,,NSE
CUMMINSIND,2002-10-16,33.92856979370117,33.92856979370117,32.67856979370117,33.0,16065,,NSE
CUMMINSIND,2002-10-17,32.89285659790039,34.07142639160156,32.89285659790039,33.89285659790039,27552,,NSE
CUMMINSIND,2002-10-18,34.10714340209961,36.0,34.10714340209961,35.39285659790039,62540,,NSE
CUMMINSIND,2002-10-21,36.78571319580078,36.78571319580078,34.35714340209961,36.53571319580078,88691,,NSE
CUMMINSIND,2002-10-22,36.28571319580078,36.64285659790039,35.25,36.42856979370117,47184,,NSE
CUMMINSIND,2002-10-23,35.96428680419922,36.28571319580078,35.21428680419922,35.28571319580078,12342,,NSE
CUMMINSIND,2002-10-24,36.03571319580078,36.71428680419922,35.0,36.39285659790039,93742,,NSE
CUMMINSIND,2002-10-25,36.07142639160156,36.07142639160156,34.35714340209961,35.03571319580078,30580,,NSE
CUMMINSIND,2002-10-28,35.0,35.71428680419922,34.67856979370117,35.03571319580078,17262,,NSE
CUMMINSIND,2002-10-29,35.42856979370117,35.42856979370117,34.0,34.67856979370117,27469,,NSE
CUMMINSIND,2002-10-30,35.0,35.14285659790039,34.82142639160156,34.96428680419922,22114,,NSE
CUMMINSIND,2002-10-31,35.0,35.35714340209961,35.0,35.17856979370117,20743,,NSE
CUMMINSIND,2002-11-01,35.35714340209961,35.57142639160156,35.0,35.07142639160156,18782,,NSE
CUMMINSIND,2002-11-04,35.57142639160156,35.64285659790039,35.0,35.25,2324,,NSE
CUMMINSIND,2002-11-05,35.14285659790039,35.28571319580078,35.0,35.03571319580078,8575,,NSE
CUMMINSIND,2002-11-06,35.03571319580078,35.03571319580078,35.03571319580078,35.03571319580078,0,,NSE
CUMMINSIND,2002-11-07,33.67856979370117,35.32142639160156,33.64285659790039,35.0,19098,,NSE
CUMMINSIND,2002-11-08,35.0,35.28571319580078,35.0,35.07142639160156,19769,,NSE
CUMMINSIND,2002-11-11,35.10714340209961,35.32142639160156,35.03571319580078,35.07142639160156,17102,,NSE
CUMMINSIND,2002-11-12,35.07142639160156,35.28571319580078,35.07142639160156,35.17856979370117,7816,,NSE
CUMMINSIND,2002-11-13,35.07142639160156,35.35714340209961,34.71428680419922,35.0,20732,,NSE
CUMMINSIND,2002-11-14,35.0,35.32142639160156,34.78571319580078,35.0,17357,,NSE
CUMMINSIND,2002-11-15,34.92856979370117,35.28571319580078,34.5,35.0,13008,,NSE
CUMMINSIND,2002-11-18,35.0,35.0,34.57142639160156,34.75,25499,,NSE
CUMMINSIND,2002-11-19,34.75,34.75,34.75,34.75,0,,NSE
CUMMINSIND,2002-11-20,34.64285659790039,35.60714340209961,34.64285659790039,34.96428680419922,35460,,NSE
CUMMINSIND,2002-11-21,35.67856979370117,35.71428680419922,35.0,35.14285659790039,29492,,NSE
CUMMINSIND,2002-11-22,35.14285659790039,35.53571319580078,35.07142639160156,35.35714340209961,20720,,NSE
CUMMINSIND,2002-11-25,35.42856979370117,36.25,35.35714340209961,36.07142639160156,39855,,NSE
CUMMINSIND,2002-11-26,37.10714340209961,37.75,35.42856979370117,35.57142639160156,47751,,NSE
CUMMINSIND,2002-11-27,35.53571319580078,35.71428680419922,35.21428680419922,35.35714340209961,21630,,NSE
CUMMINSIND,2002-11-28,35.71428680419922,36.03571319580078,35.32142639160156,35.35714340209961,18099,,NSE
CUMMINSIND,2002-11-29,36.78571319580078,36.78571319580078,35.42856979370117,35.96428680419922,36296,,NSE
CUMMINSIND,2002-12-02,36.28571319580078,36.64285659790039,36.0,36.28571319580078,129290,,NSE
CUMMINSIND,2002-12-03,36.42856979370117,36.64285659790039,35.57142639160156,35.64285659790039,41206,,NSE
CUMMINSIND,2002-12-04,35.10714340209961,35.60714340209961,35.10714340209961,35.21428680419922,10397,,NSE
CUMMINSIND,2002-12-05,35.57142639160156,35.71428680419922,35.03571319580078,35.14285659790039,10840,,NSE
CUMMINSIND,2002-12-06,35.35714340209961,36.67856979370117,35.0,35.5,22398,,NSE
CUMMINSIND,2002-12-09,35.53571319580078,36.17856979370117,35.0,35.03571319580078,48860,,NSE
CUMMINSIND,2002-12-10,35.71428680419922,35.71428680419922,34.35714340209961,34.60714340209961,26080,,NSE
CUMMINSIND,2002-12-11,35.17856979370117,35.17856979370117,34.82142639160156,34.92856979370117,13659,,NSE
CUMMINSIND,2002-12-12,34.46428680419922,35.35714340209961,34.46428680419922,35.17856979370117,14154,,NSE
CUMMINSIND,2002-12-13,35.5,35.5,34.64285659790039,35.03571319580078,16363,,NSE
CUMMINSIND,2002-12-16,35.17856979370117,35.25,34.64285659790039,34.71428680419922,18212,,NSE
CUMMINSIND,2002-12-17,35.0,35.0,33.96428680419922,34.10714340209961,30889,,NSE
CUMMINSIND,2002-12-18,34.14285659790039,34.57142639160156,33.85714340209961,34.28571319580078,211568,,NSE
CUMMINSIND,2002-12-19,34.96428680419922,34.96428680419922,34.28571319580078,34.28571319580078,24456,,NSE
CUMMINSIND,2002-12-20,34.28571319580078,34.85714340209961,34.28571319580078,34.32142639160156,14799,,NSE
CUMMINSIND,2002-12-23,34.5,34.64285659790039,33.5,33.71428680419922,73638,,NSE
CUMMINSIND,2002-12-24,33.57142639160156,34.46428680419922,33.46428680419922,33.96428680419922,32697,,NSE
CUMMINSIND,2002-12-25,33.96428680419922,33.96428680419922,33.96428680419922,33.96428680419922,0,,NSE
CUMMINSIND,2002-12-26,33.67856979370117,34.82142639160156,33.67856979370117,34.17856979370117,24028,,NSE
CUMMINSIND,2002-12-27,34.17856979370117,34.75,33.78571319580078,34.39285659790039,46702,,NSE
CUMMINSIND,2002-12-30,35.0,35.03571319580078,34.53571319580078,34.71428680419922,24617,,NSE
CUMMINSIND,2002-12-31,35.0,35.25,34.67856979370117,34.71428680419922,19028,,NSE
CUMMINSIND,2003-01-01,35.32142639160156,35.60714340209961,34.67856979370117,35.03571319580078,24164,,NSE
CUMMINSIND,2003-01-02,35.42856979370117,35.64285659790039,35.14285659790039,35.35714340209961,34938,,NSE
CUMMINSIND,2003-01-03,35.5,35.67856979370117,35.0,35.10714340209961,23965,,NSE
CUMMINSIND,2003-01-06,34.64285659790039,35.28571319580078,34.35714340209961,34.42856979370117,27097,,NSE
CUMMINSIND,2003-01-07,35.0,35.0,34.28571319580078,34.28571319580078,30592,,NSE
CUMMINSIND,2003-01-08,34.28571319580078,34.60714340209961,33.67856979370117,34.21428680419922,20662,,NSE
CUMMINSIND,2003-01-09,34.21428680419922,34.64285659790039,34.10714340209961,34.25,10628,,NSE
CUMMINSIND,2003-01-10,34.28571319580078,36.78571319580078,34.10714340209961,36.0,167507,,NSE
CUMMINSIND,2003-01-13,36.64285659790039,37.28571319580078,36.07142639160156,36.17856979370117,100979,,NSE
CUMMINSIND,2003-01-14,35.96428680419922,36.53571319580078,34.78571319580078,35.75,104139,,NSE
CUMMINSIND,2003-01-15,35.35714340209961,35.89285659790039,35.10714340209961,35.64285659790039,34868,,NSE
CUMMINSIND,2003-01-16,35.53571319580078,35.78571319580078,34.5,35.28571319580078,107709,,NSE
CUMMINSIND,2003-01-17,35.53571319580078,35.71428680419922,35.35714340209961,35.67856979370117,45743,,NSE
CUMMINSIND,2003-01-20,35.78571319580078,35.78571319580078,35.53571319580078,35.71428680419922,25327,,NSE
CUMMINSIND,2003-01-21,36.0,36.07142639160156,35.53571319580078,35.67856979370117,23041,,NSE
CUMMINSIND,2003-01-22,35.71428680419922,35.85714340209961,35.53571319580078,35.67856979370117,18043,,NSE
CUMMINSIND,2003-01-23,34.28571319580078,35.71428680419922,34.28571319580078,35.53571319580078,41084,,NSE
CUMMINSIND,2003-01-24,35.53571319580078,35.71428680419922,35.07142639160156,35.5,50545,,NSE
CUMMINSIND,2003-01-27,35.07142639160156,35.35714340209961,33.92856979370117,34.32142639160156,18614,,NSE
CUMMINSIND,2003-01-28,34.28571319580078,34.28571319580078,33.67856979370117,34.10714340209961,37451,,NSE
CUMMINSIND,2003-01-29,34.21428680419922,34.64285659790039,34.03571319580078,34.21428680419922,8950,,NSE
CUMMINSIND,2003-01-30,34.21428680419922,37.46428680419922,33.67856979370117,36.53571319580078,262364,,NSE
CUMMINSIND,2003-01-31,35.17856979370117,37.64285659790039,35.17856979370117,37.17856979370117,266039,,NSE
CUMMINSIND,2003-02-03,37.14285659790039,39.42856979370117,37.0,38.78571319580078,281166,,NSE
CUMMINSIND,2003-02-04,39.64285659790039,39.64285659790039,37.85714340209961,38.35714340209961,94784,,NSE
CUMMINSIND,2003-02-05,37.14285659790039,39.42856979370117,37.14285659790039,39.21428680419922,139540,,NSE
CUMMINSIND,2003-02-06,39.28571319580078,40.5,38.75,40.03571319580078,205695,,NSE
CUMMINSIND,2003-02-07,40.60714340209961,40.64285659790039,39.71428680419922,39.96428680419922,65031,,NSE
CUMMINSIND,2003-02-10,39.64285659790039,40.25,39.57142639160156,39.78571319580078,64838,,NSE
CUMMINSIND,2003-02-11,40.0,40.35714340209961,39.46428680419922,40.07142639160156,168512,,NSE
CUMMINSIND,2003-02-12,40.0,40.28571319580078,39.42856979370117,40.03571319580078,40300,,NSE
CUMMINSIND,2003-02-13,40.03571319580078,40.03571319580078,40.03571319580078,40.03571319580078,0,,NSE
CUMMINSIND,2003-02-14,40.0,40.28571319580078,39.07142639160156,39.5,135609,,NSE
CUMMINSIND,2003-02-17,39.85714340209961,40.5,39.64285659790039,40.0,49123,,NSE
CUMMINSIND,2003-02-18,40.03571319580078,40.78571319580078,39.28571319580078,39.96428680419922,236492,,NSE
CUMMINSIND,2003-02-19,40.32142639160156,40.53571319580078,39.28571319580078,39.46428680419922,28658,,NSE
CUMMINSIND,2003-02-20,39.46428680419922,39.64285659790039,38.67856979370117,39.28571319580078,28966,,NSE
CUMMINSIND,2003-02-21,39.28571319580078,39.67856979370117,38.57142639160156,38.60714340209961,15946,,NSE
CUMMINSIND,2003-02-24,38.89285659790039,39.64285659790039,38.67856979370117,39.39285659790039,24817,,NSE
CUMMINSIND,2003-02-25,38.57142639160156,39.46428680419922,38.57142639160156,39.25,40885,,NSE
CUMMINSIND,2003-02-26,39.46428680419922,40.71428680419922,39.32142639160156,40.46428680419922,147639,,NSE
CUMMINSIND,2003-02-27,40.35714340209961,42.21428680419922,39.75,41.96428680419922,260478,,NSE
CUMMINSIND,2003-02-28,42.28571319580078,42.71428680419922,39.82142639160156,41.89285659790039,207331,,NSE
CUMMINSIND,2003-03-03,42.78571319580078,42.78571319580078,39.89285659790039,41.10714340209961,111865,,NSE
CUMMINSIND,2003-03-04,40.35714340209961,40.35714340209961,39.75,40.03571319580078,26420,,NSE
CUMMINSIND,2003-03-05,40.10714340209961,40.64285659790039,39.28571319580078,40.39285659790039,32628,,NSE
CUMMINSIND,2003-03-06,39.57142639160156,40.35714340209961,39.57142639160156,40.07142639160156,12997,,NSE
CUMMINSIND,2003-03-07,39.64285659790039,40.17856979370117,39.32142639160156,39.67856979370117,96800,,NSE
CUMMINSIND,2003-03-10,39.28571319580078,39.32142639160156,37.85714340209961,38.10714340209961,25571,,NSE
CUMMINSIND,2003-03-11,37.21428680419922,38.57142639160156,37.0,38.10714340209961,27095,,NSE
CUMMINSIND,2003-03-12,37.25,38.42856979370117,37.25,37.85714340209961,16002,,NSE
CUMMINSIND,2003-03-13,37.85714340209961,38.92856979370117,37.39285659790039,38.75,19633,,NSE
CUMMINSIND,2003-03-14,38.75,38.75,38.75,38.75,0,,NSE
CUMMINSIND,2003-03-17,37.92856979370117,37.92856979370117,36.82142639160156,37.35714340209961,17515,,NSE
CUMMINSIND,2003-03-18,37.35714340209961,37.35714340209961,37.35714340209961,37.35714340209961,0,,NSE
CUMMINSIND,2003-03-19,37.67856979370117,37.85714340209961,37.21428680419922,37.28571319580078,10393,,NSE
CUMMINSIND,2003-03-20,36.92856979370117,37.78571319580078,36.92856979370117,37.42856979370117,17990,,NSE
CUMMINSIND,2003-03-21,37.5,38.14285659790039,37.0,37.60714340209961,28684,,NSE
CUMMINSIND,2003-03-24,37.14285659790039,37.14285659790039,36.42856979370117,36.64285659790039,23756,,NSE
CUMMINSIND,2003-03-25,35.82142639160156,38.17856979370117,35.78571319580078,37.64285659790039,52675,,NSE
CUMMINSIND,2003-03-26,37.5,38.14285659790039,37.5,37.85714340209961,36435,,NSE
CUMMINSIND,2003-03-27,37.82142639160156,37.96428680419922,37.5,37.85714340209961,32579,,NSE
CUMMINSIND,2003-03-28,37.85714340209961,38.03571319580078,36.78571319580078,37.14285659790039,10988,,NSE
CUMMINSIND,2003-03-31,36.89285659790039,36.89285659790039,36.0,36.46428680419922,30146,,NSE
CUMMINSIND,2003-04-01,36.42856979370117,37.17856979370117,36.42856979370117,37.07142639160156,7856,,NSE
CUMMINSIND,2003-04-02,37.35714340209961,38.21428680419922,37.14285659790039,37.89285659790039,5821,,NSE
CUMMINSIND,2003-04-03,38.32142639160156,38.32142639160156,36.96428680419922,37.42856979370117,15888,,NSE
CUMMINSIND,2003-04-04,37.39285659790039,38.53571319580078,37.39285659790039,38.35714340209961,7817,,NSE
CUMMINSIND,2003-04-07,39.35714340209961,39.35714340209961,38.57142639160156,38.89285659790039,21658,,NSE
CUMMINSIND,2003-04-08,39.17856979370117,39.21428680419922,36.85714340209961,38.25,10691,,NSE
CUMMINSIND,2003-04-09,38.21428680419922,38.28571319580078,37.5,37.60714340209961,7212,,NSE
CUMMINSIND,2003-04-10,38.28571319580078,38.5,37.14285659790039,38.07142639160156,25880,,NSE
CUMMINSIND,2003-04-11,37.85714340209961,38.57142639160156,36.42856979370117,38.10714340209961,15817,,NSE
CUMMINSIND,2003-04-15,39.21428680419922,39.21428680419922,37.85714340209961,37.96428680419922,12650,,NSE
CUMMINSIND,2003-04-16,38.07142639160156,38.32142639160156,36.89285659790039,38.03571319580078,32926,,NSE
CUMMINSIND,2003-04-17,38.14285659790039,38.53571319580078,37.78571319580078,38.25,33882,,NSE
CUMMINSIND,2003-04-18,38.25,38.25,38.25,38.25,0,,NSE
CUMMINSIND,2003-04-21,37.57142639160156,38.21428680419922,37.17856979370117,38.0,16665,,NSE
CUMMINSIND,2003-04-22,37.92856979370117,38.14285659790039,37.85714340209961,38.03571319580078,7144,,NSE
CUMMINSIND,2003-04-23,38.35714340209961,38.57142639160156,37.57142639160156,37.64285659790039,16182,,NSE
CUMMINSIND,2003-04-24,38.03571319580078,38.03571319580078,37.5,37.67856979370117,9668,,NSE
CUMMINSIND,2003-04-25,37.46428680419922,41.25,37.46428680419922,40.25,190503,,NSE
CUMMINSIND,2003-04-28,40.85714340209961,42.03571319580078,40.57142639160156,41.5,145857,,NSE
CUMMINSIND,2003-04-29,41.42856979370117,42.0,40.96428680419922,41.21428680419922,59102,,NSE
CUMMINSIND,2003-04-30,41.42856979370117,41.78571319580078,40.78571319580078,41.39285659790039,84182,,NSE
CUMMINSIND,2003-05-01,41.39285659790039,41.39285659790039,41.39285659790039,41.39285659790039,0,,NSE
CUMMINSIND,2003-05-02,41.96428680419922,43.14285659790039,41.46428680419922,42.82142639160156,99881,,NSE
CUMMINSIND,2003-05-05,43.57142639160156,44.82142639160156,42.85714340209961,44.67856979370117,219423,,NSE
CUMMINSIND,2003-05-06,44.64285659790039,45.35714340209961,43.57142639160156,45.03571319580078,142189,,NSE
CUMMINSIND,2003-05-07,45.35714340209961,45.35714340209961,43.92856979370117,44.64285659790039,79856,,NSE
CUMMINSIND,2003-05-08,44.60714340209961,44.78571319580078,42.14285659790039,44.57142639160156,57614,,NSE
CUMMINSIND,2003-05-09,44.92856979370117,45.14285659790039,43.92856979370117,44.64285659790039,55175,,NSE
CUMMINSIND,2003-05-12,45.0,45.25,43.75,44.78571319580078,162652,,NSE
CUMMINSIND,2003-05-13,45.21428680419922,45.71428680419922,45.03571319580078,45.5,61161,,NSE
CUMMINSIND,2003-05-14,45.71428680419922,47.85714340209961,45.71428680419922,46.75,157152,,NSE
CUMMINSIND,2003-05-15,47.78571319580078,48.92856979370117,46.92856979370117,48.60714340209961,186901,,NSE
CUMMINSIND,2003-05-16,49.25,50.0,46.10714340209961,49.64285659790039,185418,,NSE
CUMMINSIND,2003-05-19,50.0,50.60714340209961,48.75,50.25,203152,,NSE
CUMMINSIND,2003-05-20,49.64285659790039,50.21428680419922,48.14285659790039,48.71428680419922,109302,,NSE
CUMMINSIND,2003-05-21,48.57142639160156,49.28571319580078,47.85714340209961,48.14285659790039,99338,,NSE
CUMMINSIND,2003-05-22,48.75,49.92856979370117,47.57142639160156,48.78571319580078,185721,,NSE
CUMMINSIND,2003-05-23,46.78571319580078,47.14285659790039,45.39285659790039,46.53571319580078,114000,,NSE
CUMMINSIND,2003-05-26,47.14285659790039,50.64285659790039,47.14285659790039,50.10714340209961,359207,,NSE
CUMMINSIND,2003-05-27,50.60714340209961,51.28571319580078,49.46428680419922,49.85714340209961,182128,,NSE
CUMMINSIND,2003-05-28,50.0,50.28571319580078,49.5,50.07142639160156,111953,,NSE
CUMMINSIND,2003-05-29,51.71428680419922,52.07142639160156,49.35714340209961,51.60714340209961,593406,,NSE
CUMMINSIND,2003-05-30,52.0,52.75,48.64285659790039,51.46428680419922,95396,,NSE
CUMMINSIND,2003-06-02,53.14285659790039,53.14285659790039,50.17856979370117,51.92856979370117,101540,,NSE
CUMMINSIND,2003-06-03,50.71428680419922,51.78571319580078,49.35714340209961,50.07142639160156,55734,,NSE
CUMMINSIND,2003-06-04,51.0,51.0,48.25,48.46428680419922,36864,,NSE
CUMMINSIND,2003-06-05,49.5,50.35714340209961,48.71428680419922,49.96428680419922,438776,,NSE
CUMMINSIND,2003-06-06,50.07142639160156,51.78571319580078,49.42856979370117,49.75,125526,,NSE
CUMMINSIND,2003-06-09,51.71428680419922,52.64285659790039,49.28571319580078,51.89285659790039,332946,,NSE
CUMMINSIND,2003-06-10,52.07142639160156,52.07142639160156,50.35714340209961,51.42856979370117,386386,,NSE
CUMMINSIND,2003-06-11,51.0,52.5,48.57142639160156,50.75,211239,,NSE
CUMMINSIND,2003-06-12,53.57142639160156,53.57142639160156,50.03571319580078,50.10714340209961,69973,,NSE
CUMMINSIND,2003-06-13,50.75,50.82142639160156,49.0,49.5,57055,,NSE
CUMMINSIND,2003-06-16,50.0,50.0,46.42856979370117,46.67856979370117,87354,,NSE
CUMMINSIND,2003-06-17,45.0,48.92856979370117,45.0,46.96428680419922,40958,,NSE
CUMMINSIND,2003-06-18,46.14285659790039,48.21428680419922,45.82142639160156,46.96428680419922,39792,,NSE
CUMMINSIND,2003-06-19,46.42856979370117,47.71428680419922,45.78571319580078,46.71428680419922,27560,,NSE
CUMMINSIND,2003-06-20,47.14285659790039,47.28571319580078,46.28571319580078,46.60714340209961,59628,,NSE
CUMMINSIND,2003-06-23,47.14285659790039,47.14285659790039,46.35714340209961,46.71428680419922,29813,,NSE
CUMMINSIND,2003-06-24,46.42856979370117,47.0,46.07142639160156,46.42856979370117,202412,,NSE
CUMMINSIND,2003-06-25,47.64285659790039,47.64285659790039,46.60714340209961,47.25,28396,,NSE
CUMMINSIND,2003-06-26,47.35714340209961,51.35714340209961,47.35714340209961,50.07142639160156,275912,,NSE
CUMMINSIND,2003-06-27,51.0,51.0,48.57142639160156,49.14285659790039,145531,,NSE
CUMMINSIND,2003-06-30,50.21428680419922,50.21428680419922,48.57142639160156,48.71428680419922,151746,,NSE
CUMMINSIND,2003-07-01,49.78571319580078,50.64285659790039,48.57142639160156,48.64285659790039,76410,,NSE
CUMMINSIND,2003-07-02,49.64285659790039,49.64285659790039,48.57142639160156,49.25,169643,,NSE
CUMMINSIND,2003-07-03,50.71428680419922,52.5,48.96428680419922,50.17856979370117,374824,,NSE
CUMMINSIND,2003-07-04,50.28571319580078,51.21428680419922,48.57142639160156,49.03571319580078,135314,,NSE
CUMMINSIND,2003-07-07,49.14285659790039,49.67856979370117,48.57142639160156,48.85714340209961,67449,,NSE
CUMMINSIND,2003-07-08,48.64285659790039,49.71428680419922,48.21428680419922,48.25,55077,,NSE
CUMMINSIND,2003-07-09,49.28571319580078,49.28571319580078,47.85714340209961,48.0,55742,,NSE
CUMMINSIND,2003-07-10,48.92856979370117,49.21428680419922,47.96428680419922,48.25,42330,,NSE
CUMMINSIND,2003-07-11,48.57142639160156,48.92856979370117,47.92856979370117,48.28571319580078,48119,,NSE
CUMMINSIND,2003-07-14,48.57142639160156,49.64285659790039,47.60714340209961,47.89285659790039,58227,,NSE
CUMMINSIND,2003-07-15,48.57142639160156,48.85714340209961,46.53571319580078,47.28571319580078,65560,,NSE
CUMMINSIND,2003-07-16,47.78571319580078,48.82142639160156,47.75,48.32142639160156,81895,,NSE
CUMMINSIND,2003-07-17,48.92856979370117,49.5,48.07142639160156,49.03571319580078,166934,,NSE
CUMMINSIND,2003-07-18,45.71428680419922,49.21428680419922,45.71428680419922,47.96428680419922,17019,,NSE
CUMMINSIND,2003-07-21,47.92856979370117,48.53571319580078,47.14285659790039,47.28571319580078,36855,,NSE
CUMMINSIND,2003-07-22,47.32142639160156,47.75,47.07142639160156,47.17856979370117,36582,,NSE
CUMMINSIND,2003-07-23,47.57142639160156,47.85714340209961,46.57142639160156,47.32142639160156,44639,,NSE
CUMMINSIND,2003-07-24,47.21428680419922,47.60714340209961,46.5,47.32142639160156,19934,,NSE
CUMMINSIND,2003-07-25,47.85714340209961,48.21428680419922,47.39285659790039,47.78571319580078,30541,,NSE
CUMMINSIND,2003-07-28,48.57142639160156,50.0,47.96428680419922,49.60714340209961,88767,,NSE
CUMMINSIND,2003-07-29,49.82142639160156,54.85714340209961,49.35714340209961,54.25,1165389,,NSE
CUMMINSIND,2003-07-30,56.96428680419922,57.85714340209961,55.17856979370117,55.60714340209961,468626,,NSE
CUMMINSIND,2003-07-31,55.71428680419922,56.14285659790039,53.64285659790039,54.28571319580078,166814,,NSE
CUMMINSIND,2003-08-01,55.0,55.0,53.92856979370117,54.32142639160156,72373,,NSE
CUMMINSIND,2003-08-04,54.32142639160156,57.14285659790039,54.28571319580078,55.5,229856,,NSE
CUMMINSIND,2003-08-05,55.71428680419922,56.42856979370117,53.67856979370117,54.25,172403,,NSE
CUMMINSIND,2003-08-06,54.64285659790039,56.0,51.82142639160156,54.82142639160156,243924,,NSE
CUMMINSIND,2003-08-07,55.96428680419922,60.17856979370117,55.0,59.03571319580078,439023,,NSE
CUMMINSIND,2003-08-08,59.28571319580078,61.03571319580078,58.57142639160156,59.60714340209961,409523,,NSE
CUMMINSIND,2003-08-11,61.42856979370117,63.57142639160156,60.0,60.57142639160156,266481,,NSE
CUMMINSIND,2003-08-12,61.28571319580078,63.07142639160156,59.75,61.75,337533,,NSE
CUMMINSIND,2003-08-13,61.78571319580078,61.78571319580078,59.75,60.28571319580078,81628,,NSE
CUMMINSIND,2003-08-14,60.71428680419922,60.92856979370117,58.57142639160156,58.85714340209961,74232,,NSE
CUMMINSIND,2003-08-15,58.85714340209961,58.85714340209961,58.85714340209961,58.85714340209961,0,,NSE
CUMMINSIND,2003-08-18,58.21428680419922,60.35714340209961,57.53571319580078,57.92856979370117,127827,,NSE
CUMMINSIND,2003-08-19,57.85714340209961,60.85714340209961,57.85714340209961,60.42856979370117,233622,,NSE
CUMMINSIND,2003-08-20,60.0,61.60714340209961,59.14285659790039,59.5,130309,,NSE
CUMMINSIND,2003-08-21,59.92856979370117,60.35714340209961,58.28571319580078,58.57142639160156,65303,,NSE
CUMMINSIND,2003-08-22,58.82142639160156,59.28571319580078,57.14285659790039,57.57142639160156,61685,,NSE
CUMMINSIND,2003-08-25,58.92856979370117,58.92856979370117,54.28571319580078,55.21428680419922,120859,,NSE
CUMMINSIND,2003-08-26,55.0,57.85714340209961,55.0,57.21428680419922,120663,,NSE
CUMMINSIND,2003-08-27,59.28571319580078,59.28571319580078,57.85714340209961,58.07142639160156,146669,,NSE
CUMMINSIND,2003-08-28,57.85714340209961,57.85714340209961,56.46428680419922,56.92856979370117,51427,,NSE
CUMMINSIND,2003-08-29,57.82142639160156,57.82142639160156,55.71428680419922,55.96428680419922,45025,,NSE
CUMMINSIND,2003-09-01,56.42856979370117,60.71428680419922,56.10714340209961,60.32142639160156,254916,,NSE
CUMMINSIND,2003-09-02,60.67856979370117,61.35714340209961,57.85714340209961,59.07142639160156,96425,,NSE
CUMMINSIND,2003-09-03,57.17856979370117,59.92856979370117,57.17856979370117,57.82142639160156,54184,,NSE
CUMMINSIND,2003-09-04,57.96428680419922,58.57142639160156,56.82142639160156,57.07142639160156,23753,,NSE
CUMMINSIND,2003-09-05,57.21428680419922,58.0,55.89285659790039,56.75,33101,,NSE
CUMMINSIND,2003-09-08,60.71428680419922,60.71428680419922,57.85714340209961,58.78571319580078,220343,,NSE
CUMMINSIND,2003-09-09,59.21428680419922,59.28571319580078,55.82142639160156,57.07142639160156,1034335,,NSE
CUMMINSIND,2003-09-10,57.85714340209961,59.5,56.42856979370117,58.46428680419922,66949,,NSE
CUMMINSIND,2003-09-11,58.14285659790039,60.25,58.0,58.21428680419922,81317,,NSE
CUMMINSIND,2003-09-12,58.60714340209961,59.28571319580078,56.46428680419922,56.85714340209961,33920,,NSE
CUMMINSIND,2003-09-15,58.03571319580078,58.10714340209961,55.71428680419922,57.28571319580078,90771,,NSE
CUMMINSIND,2003-09-16,56.60714340209961,58.57142639160156,56.60714340209961,58.03571319580078,88450,,NSE
CUMMINSIND,2003-09-17,58.57142639160156,59.71428680419922,58.32142639160156,59.46428680419922,139710,,NSE
CUMMINSIND,2003-09-18,60.10714340209961,63.57142639160156,58.21428680419922,59.07142639160156,162204,,NSE
CUMMINSIND,2003-09-19,59.46428680419922,62.32142639160156,56.89285659790039,61.46428680419922,235928,,NSE
CUMMINSIND,2003-09-22,63.57142639160156,66.39286041259766,62.35714340209961,64.14286041259766,582080,,NSE
CUMMINSIND,2003-09-23,63.92856979370117,64.10713958740234,62.5,63.42856979370117,139228,,NSE
CUMMINSIND,2003-09-24,63.92856979370117,64.64286041259766,62.32142639160156,64.25,102571,,NSE
CUMMINSIND,2003-09-25,64.35713958740234,65.28571319580078,62.85714340209961,63.0,48739,,NSE
CUMMINSIND,2003-09-26,63.57142639160156,64.96428680419922,62.85714340209961,63.07142639160156,47056,,NSE
CUMMINSIND,2003-09-29,63.57142639160156,65.0,63.10714340209961,63.53571319580078,133642,,NSE
CUMMINSIND,2003-09-30,63.64285659790039,63.64285659790039,61.67856979370117,62.32142639160156,40464,,NSE
CUMMINSIND,2003-10-01,64.28571319580078,64.28571319580078,60.71428680419922,61.14285659790039,74646,,NSE
CUMMINSIND,2003-10-02,61.14285659790039,61.14285659790039,61.14285659790039,61.14285659790039,0,,NSE
CUMMINSIND,2003-10-03,62.85714340209961,62.85714340209961,61.14285659790039,62.35714340209961,55795,,NSE
CUMMINSIND,2003-10-06,63.57142639160156,64.17857360839844,62.39285659790039,63.64285659790039,63793,,NSE
CUMMINSIND,2003-10-07,65.71428680419922,66.42857360839844,63.25,64.35713958740234,170438,,NSE
CUMMINSIND,2003-10-08,63.57142639160156,65.89286041259766,63.57142639160156,64.39286041259766,118804,,NSE
CUMMINSIND,2003-10-09,65.64286041259766,65.71428680419922,59.39285659790039,63.14285659790039,80239,,NSE
CUMMINSIND,2003-10-10,64.46428680419922,65.28571319580078,62.85714340209961,63.32142639160156,48682,,NSE
CUMMINSIND,2003-10-13,64.85713958740234,66.07142639160156,63.57142639160156,65.32142639160156,213096,,NSE
CUMMINSIND,2003-10-14,67.67857360839844,68.57142639160156,65.0,65.96428680419922,283123,,NSE
CUMMINSIND,2003-10-15,66.85713958740234,68.89286041259766,66.46428680419922,67.57142639160156,251237,,NSE
CUMMINSIND,2003-10-16,67.92857360839844,68.53571319580078,65.0,65.64286041259766,99202,,NSE
CUMMINSIND,2003-10-17,66.42857360839844,66.42857360839844,65.10713958740234,65.85713958740234,76925,,NSE
CUMMINSIND,2003-10-20,67.57142639160156,67.64286041259766,64.28571319580078,64.60713958740234,88737,,NSE
CUMMINSIND,2003-10-21,66.92857360839844,66.92857360839844,62.14285659790039,62.32142639160156,130254,,NSE
CUMMINSIND,2003-10-22,63.57142639160156,64.85713958740234,62.67856979370117,63.5,56921,,NSE
CUMMINSIND,2003-10-23,63.57142639160156,65.0,63.57142639160156,64.67857360839844,91408,,NSE
CUMMINSIND,2003-10-24,64.28571319580078,66.42857360839844,63.71428680419922,66.28571319580078,63218,,NSE
CUMMINSIND,2003-10-27,66.64286041259766,66.64286041259766,64.57142639160156,64.75,50439,,NSE
CUMMINSIND,2003-10-28,64.28571319580078,68.92857360839844,61.07142639160156,66.14286041259766,1815066,,NSE
CUMMINSIND,2003-10-29,67.14286041259766,72.35713958740234,66.5,70.96428680419922,711874,,NSE
CUMMINSIND,2003-10-30,71.42857360839844,71.89286041259766,69.46428680419922,70.96428680419922,211591,,NSE
CUMMINSIND,2003-10-31,71.42857360839844,79.5,70.0,76.53571319580078,834394,,NSE
CUMMINSIND,2003-11-03,77.53571319580078,80.64286041259766,76.07142639160156,79.21428680419922,614640,,NSE
CUMMINSIND,2003-11-04,81.07142639160156,81.28571319580078,74.35713958740234,75.28571319580078,182722,,NSE
CUMMINSIND,2003-11-05,75.78571319580078,80.39286041259766,75.78571319580078,78.78571319580078,330398,,NSE
CUMMINSIND,2003-11-06,79.21428680419922,81.17857360839844,77.96428680419922,78.96428680419922,292110,,NSE
CUMMINSIND,2003-11-07,77.92857360839844,79.57142639160156,76.42857360839844,77.03571319580078,89332,,NSE
CUMMINSIND,2003-11-10,76.42857360839844,78.92857360839844,75.35713958740234,78.42857360839844,66358,,NSE
CUMMINSIND,2003-11-11,78.92857360839844,78.92857360839844,76.85713958740234,77.17857360839844,64205,,NSE
CUMMINSIND,2003-11-12,78.57142639160156,78.92857360839844,76.42857360839844,76.75,67895,,NSE
CUMMINSIND,2003-11-13,77.14286041259766,78.35713958740234,75.0,75.60713958740234,69011,,NSE
CUMMINSIND,2003-11-14,76.42857360839844,76.42857360839844,74.21428680419922,74.78571319580078,76385,,NSE
CUMMINSIND,2003-11-17,74.64286041259766,75.57142639160156,72.14286041259766,73.89286041259766,218908,,NSE
CUMMINSIND,2003-11-18,74.28571319580078,75.35713958740234,73.21428680419922,74.17857360839844,120176,,NSE
CUMMINSIND,2003-11-19,76.42857360839844,76.42857360839844,70.78571319580078,71.39286041259766,115511,,NSE
CUMMINSIND,2003-11-20,72.67857360839844,74.17857360839844,71.07142639160156,73.07142639160156,106678,,NSE
CUMMINSIND,2003-11-21,73.92857360839844,73.92857360839844,70.39286041259766,71.60713958740234,77331,,NSE
CUMMINSIND,2003-11-24,72.78571319580078,72.85713958740234,70.71428680419922,71.07142639160156,79436,,NSE
CUMMINSIND,2003-11-25,71.42857360839844,72.85713958740234,71.42857360839844,71.71428680419922,104210,,NSE
CUMMINSIND,2003-11-26,71.71428680419922,71.71428680419922,71.71428680419922,71.71428680419922,0,,NSE
CUMMINSIND,2003-11-27,72.85713958740234,74.57142639160156,71.57142639160156,73.60713958740234,170577,,NSE
CUMMINSIND,2003-11-28,73.57142639160156,76.42857360839844,72.25,73.67857360839844,177091,,NSE
CUMMINSIND,2003-12-01,74.28571319580078,77.14286041259766,74.28571319580078,76.17857360839844,120691,,NSE
CUMMINSIND,2003-12-02,76.10713958740234,77.14286041259766,75.17857360839844,75.75,75552,,NSE
CUMMINSIND,2003-12-03,76.42857360839844,77.46428680419922,75.71428680419922,76.85713958740234,115987,,NSE
CUMMINSIND,2003-12-04,77.17857360839844,80.35713958740234,76.14286041259766,78.46428680419922,138472,,NSE
CUMMINSIND,2003-12-05,79.28571319580078,80.64286041259766,76.21428680419922,79.14286041259766,270964,,NSE
CUMMINSIND,2003-12-08,79.28571319580078,85.5,79.28571319580078,82.35713958740234,219865,,NSE
CUMMINSIND,2003-12-09,83.07142639160156,84.64286041259766,80.71428680419922,81.75,134934,,NSE
CUMMINSIND,2003-12-10,82.85713958740234,82.85713958740234,80.0,82.21428680419922,95890,,NSE
CUMMINSIND,2003-12-11,82.92857360839844,84.28571319580078,79.53571319580078,80.57142639160156,92849,,NSE
CUMMINSIND,2003-12-12,81.21428680419922,82.85713958740234,80.71428680419922,82.21428680419922,98875,,NSE
CUMMINSIND,2003-12-15,82.85713958740234,83.92857360839844,81.57142639160156,82.21428680419922,51623,,NSE
CUMMINSIND,2003-12-16,82.14286041259766,82.85713958740234,80.75,82.17857360839844,80264,,NSE
CUMMINSIND,2003-12-17,82.5,85.71428680419922,81.42857360839844,83.0,200394,,NSE
CUMMINSIND,2003-12-18,83.89286041259766,88.5,82.85713958740234,84.71428680419922,271852,,NSE
CUMMINSIND,2003-12-19,84.82142639160156,96.42857360839844,84.82142639160156,92.35713958740234,588586,,NSE
CUMMINSIND,2003-12-22,94.92857360839844,94.92857360839844,87.14286041259766,88.07142639160156,342699,,NSE
CUMMINSIND,2003-12-23,90.71428680419922,90.71428680419922,85.03571319580078,85.78571319580078,221545,,NSE
CUMMINSIND,2003-12-24,87.67857360839844,88.57142639160156,85.89286041259766,88.21428680419922,83013,,NSE
CUMMINSIND,2003-12-25,88.21428680419922,88.21428680419922,88.21428680419922,88.21428680419922,0,,NSE
CUMMINSIND,2003-12-26,88.21428680419922,88.57142639160156,84.28571319580078,87.78571319580078,78414,,NSE
CUMMINSIND,2003-12-29,89.28571319580078,90.64286041259766,87.85713958740234,88.57142639160156,110987,,NSE
CUMMINSIND,2003-12-30,89.28571319580078,89.28571319580078,85.07142639160156,85.75,103328,,NSE
CUMMINSIND,2003-12-31,86.42857360839844,94.14286041259766,86.07142639160156,91.07142639160156,679418,,NSE
CUMMINSIND,2004-01-01,90.71428680419922,92.82142639160156,87.5,88.71428680419922,281492,,NSE
CUMMINSIND,2004-01-02,89.57142639160156,90.5,87.92857360839844,88.53571319580078,127419,,NSE
CUMMINSIND,2004-01-05,89.92857360839844,90.0,86.42857360839844,86.71428680419922,154936,,NSE
CUMMINSIND,2004-01-06,89.21428680419922,89.21428680419922,84.28571319580078,84.64286041259766,122775,,NSE
CUMMINSIND,2004-01-07,85.0,87.85713958740234,82.85713958740234,86.89286041259766,148401,,NSE
CUMMINSIND,2004-01-08,88.60713958740234,92.14286041259766,87.21428680419922,88.39286041259766,202993,,NSE
CUMMINSIND,2004-01-09,90.0,91.42857360839844,88.75,90.71428680419922,303800,,NSE
CUMMINSIND,2004-01-12,92.5,94.21428680419922,90.78571319580078,91.35713958740234,428139,,NSE
CUMMINSIND,2004-01-13,94.28571319580078,94.28571319580078,90.10713958740234,90.57142639160156,94175,,NSE
CUMMINSIND,2004-01-14,90.78571319580078,91.96428680419922,88.32142639160156,89.0,107942,,NSE
CUMMINSIND,2004-01-15,88.64286041259766,90.57142639160156,87.85713958740234,88.17857360839844,136939,,NSE
CUMMINSIND,2004-01-16,87.85713958740234,88.57142639160156,85.14286041259766,85.71428680419922,162978,,NSE
CUMMINSIND,2004-01-19,84.64286041259766,85.71428680419922,81.57142639160156,84.60713958740234,146161,,NSE
CUMMINSIND,2004-01-20,86.25,88.92857360839844,84.64286041259766,87.39286041259766,154835,,NSE
CUMMINSIND,2004-01-21,86.42857360839844,86.42857360839844,82.14286041259766,82.92857360839844,150794,,NSE
CUMMINSIND,2004-01-22,83.92857360839844,84.28571319580078,78.60713958740234,79.42857360839844,87301,,NSE
CUMMINSIND,2004-01-23,79.28571319580078,81.42857360839844,76.92857360839844,80.39286041259766,127596,,NSE
CUMMINSIND,2004-01-26,80.39286041259766,80.39286041259766,80.39286041259766,80.39286041259766,0,,NSE
CUMMINSIND,2004-01-27,81.39286041259766,82.5,80.71428680419922,82.07142639160156,63341,,NSE
CUMMINSIND,2004-01-28,81.60713958740234,84.0,81.60713958740234,83.25,194107,,NSE
CUMMINSIND,2004-01-29,81.42857360839844,82.42857360839844,79.21428680419922,79.75,85724,,NSE
CUMMINSIND,2004-01-30,80.0,80.32142639160156,77.14286041259766,77.96428680419922,118384,,NSE
CUMMINSIND,2004-02-02,77.96428680419922,77.96428680419922,77.96428680419922,77.96428680419922,0,,NSE
CUMMINSIND,2004-02-03,76.42857360839844,78.35713958740234,73.57142639160156,74.57142639160156,115574,,NSE
CUMMINSIND,2004-02-04,74.28571319580078,74.28571319580078,68.57142639160156,70.0,457114,,NSE
CUMMINSIND,2004-02-05,71.35713958740234,73.57142639160156,70.0,70.35713958740234,298335,,NSE
CUMMINSIND,2004-02-06,71.28571319580078,72.14286041259766,70.71428680419922,71.64286041259766,234473,,NSE
CUMMINSIND,2004-02-09,72.14286041259766,73.53571319580078,72.14286041259766,72.85713958740234,310697,,NSE
CUMMINSIND,2004-02-10,74.57142639160156,74.64286041259766,72.85713958740234,72.96428680419922,117346,,NSE
CUMMINSIND,2004-02-11,73.5,75.57142639160156,73.21428680419922,74.82142639160156,220165,,NSE
CUMMINSIND,2004-02-12,76.32142639160156,77.57142639160156,74.28571319580078,75.46428680419922,238023,,NSE
CUMMINSIND,2004-02-13,75.71428680419922,77.5,75.07142639160156,76.32142639160156,149335,,NSE
CUMMINSIND,2004-02-16,76.78571319580078,77.10713958740234,74.28571319580078,74.78571319580078,178507,,NSE
CUMMINSIND,2004-02-17,75.0,75.14286041259766,73.60713958740234,74.64286041259766,54401,,NSE
CUMMINSIND,2004-02-18,74.82142639160156,76.0,74.39286041259766,75.14286041259766,106183,,NSE
CUMMINSIND,2004-02-19,75.85713958740234,75.85713958740234,73.57142639160156,74.42857360839844,127892,,NSE
CUMMINSIND,2004-02-20,73.57142639160156,75.0,72.85713958740234,73.60713958740234,92997,,NSE
CUMMINSIND,2004-02-23,74.28571319580078,74.28571319580078,72.85713958740234,73.35713958740234,78223,,NSE
CUMMINSIND,2004-02-24,72.85713958740234,73.53571319580078,72.5,72.89286041259766,37350,,NSE
CUMMINSIND,2004-02-25,72.85713958740234,73.14286041259766,70.35713958740234,70.85713958740234,122775,,NSE
CUMMINSIND,2004-02-26,68.57142639160156,71.42857360839844,66.07142639160156,67.57142639160156,148680,,NSE
CUMMINSIND,2004-02-27,67.85713958740234,70.71428680419922,67.85713958740234,70.25,62984,,NSE
CUMMINSIND,2004-03-01,72.14286041259766,73.17857360839844,71.39286041259766,72.60713958740234,82677,,NSE
CUMMINSIND,2004-03-02,72.60713958740234,72.60713958740234,72.60713958740234,72.60713958740234,0,,NSE
CUMMINSIND,2004-03-03,72.28571319580078,74.57142639160156,72.14286041259766,72.35713958740234,1420308,,NSE
CUMMINSIND,2004-03-04,75.0,75.0,72.14286041259766,72.53571319580078,94528,,NSE
CUMMINSIND,2004-03-05,73.53571319580078,73.85713958740234,72.85713958740234,73.67857360839844,49957,,NSE
CUMMINSIND,2004-03-08,74.28571319580078,74.64286041259766,73.57142639160156,74.28571319580078,73049,,NSE
CUMMINSIND,2004-03-09,74.32142639160156,76.07142639160156,72.14286041259766,75.5,111893,,NSE
CUMMINSIND,2004-03-10,75.0,75.5,74.28571319580078,75.0,60081,,NSE
CUMMINSIND,2004-03-11,76.42857360839844,77.14286041259766,75.0,75.32142639160156,88543,,NSE
CUMMINSIND,2004-03-12,75.0,76.17857360839844,75.0,75.10713958740234,57773,,NSE
CUMMINSIND,2004-03-15,76.42857360839844,76.42857360839844,73.60713958740234,74.60713958740234,68230,,NSE
CUMMINSIND,2004-03-16,71.60713958740234,74.60713958740234,71.60713958740234,73.67857360839844,49235,,NSE
CUMMINSIND,2004-03-17,75.0,76.07142639160156,73.57142639160156,75.03571319580078,36166,,NSE
CUMMINSIND,2004-03-18,75.35713958740234,75.42857360839844,72.85713958740234,73.17857360839844,54112,,NSE
CUMMINSIND,2004-03-19,73.46428680419922,73.46428680419922,71.42857360839844,72.03571319580078,19640,,NSE
CUMMINSIND,2004-03-22,72.03571319580078,72.03571319580078,70.82142639160156,71.42857360839844,38966,,NSE
CUMMINSIND,2004-03-23,71.42857360839844,72.14286041259766,68.82142639160156,71.21428680419922,125732,,NSE
CUMMINSIND,2004-03-24,70.21428680419922,70.64286041259766,70.0,70.14286041259766,16380,,NSE
CUMMINSIND,2004-03-25,70.17857360839844,71.42857360839844,69.28571319580078,69.92857360839844,77322,,NSE
CUMMINSIND,2004-03-26,70.0,72.14286041259766,68.57142639160156,70.07142639160156,158034,,NSE
CUMMINSIND,2004-03-29,71.39286041259766,71.39286041259766,69.28571319580078,69.78571319580078,88018,,NSE
CUMMINSIND,2004-03-30,70.0,70.67857360839844,68.57142639160156,69.53571319580078,122733,,NSE
CUMMINSIND,2004-03-31,70.71428680419922,72.14286041259766,68.64286041259766,70.21428680419922,55827,,NSE
CUMMINSIND,2004-04-01,71.07142639160156,76.42857360839844,70.78571319580078,75.28571319580078,295411,,NSE
CUMMINSIND,2004-04-02,76.35713958740234,79.85713958740234,75.57142639160156,78.82142639160156,307974,,NSE
CUMMINSIND,2004-04-05,80.0,84.96428680419922,78.57142639160156,80.10713958740234,269855,,NSE
CUMMINSIND,2004-04-06,80.71428680419922,82.5,80.14286041259766,80.89286041259766,161407,,NSE
CUMMINSIND,2004-04-07,81.42857360839844,84.46428680419922,81.42857360839844,83.89286041259766,149451,,NSE
CUMMINSIND,2004-04-08,84.28571319580078,89.28571319580078,84.28571319580078,88.32142639160156,205002,,NSE
CUMMINSIND,2004-04-09,88.32142639160156,88.32142639160156,88.32142639160156,88.32142639160156,0,,NSE
CUMMINSIND,2004-04-12,89.07142639160156,90.35713958740234,86.42857360839844,87.25,162985,,NSE
CUMMINSIND,2004-04-13,86.14286041259766,87.85713958740234,83.92857360839844,85.67857360839844,121094,,NSE
CUMMINSIND,2004-04-14,85.67857360839844,85.67857360839844,85.67857360839844,85.67857360839844,0,,NSE
CUMMINSIND,2004-04-15,86.71428680419922,90.14286041259766,85.0,88.03571319580078,151722,,NSE
CUMMINSIND,2004-04-16,89.10713958740234,90.53571319580078,85.35713958740234,87.10713958740234,160402,,NSE
CUMMINSIND,2004-04-19,88.14286041259766,88.14286041259766,83.64286041259766,84.35713958740234,125483,,NSE
CUMMINSIND,2004-04-20,83.96428680419922,84.85713958740234,81.71428680419922,82.71428680419922,47212,,NSE
CUMMINSIND,2004-04-21,82.85713958740234,85.17857360839844,82.17857360839844,84.0,32309,,NSE
CUMMINSIND,2004-04-22,84.28571319580078,85.60713958740234,81.78571319580078,83.32142639160156,112837,,NSE
CUMMINSIND,2004-04-23,83.60713958740234,85.0,81.82142639160156,83.07142639160156,72514,,NSE
CUMMINSIND,2004-04-27,81.85713958740234,82.14286041259766,78.21428680419922,79.67857360839844,90199,,NSE
CUMMINSIND,2004-04-28,77.21428680419922,81.71428680419922,75.71428680419922,80.21428680419922,73213,,NSE
CUMMINSIND,2004-04-29,80.35713958740234,81.42857360839844,78.21428680419922,79.85713958740234,184248,,NSE
CUMMINSIND,2004-04-30,79.46428680419922,82.35713958740234,78.78571319580078,80.0,278856,,NSE
CUMMINSIND,2004-05-03,80.53571319580078,81.71428680419922,78.92857360839844,80.85713958740234,149914,,NSE
CUMMINSIND,2004-05-04,81.42857360839844,82.85713958740234,80.71428680419922,81.57142639160156,24829,,NSE
CUMMINSIND,2004-05-05,81.78571319580078,81.78571319580078,80.0,80.64286041259766,29101,,NSE
CUMMINSIND,2004-05-06,82.10713958740234,82.10713958740234,78.57142639160156,79.35713958740234,73260,,NSE
CUMMINSIND,2004-05-07,80.0,81.07142639160156,79.32142639160156,80.25,51395,,NSE
CUMMINSIND,2004-05-10,80.25,83.14286041259766,77.85713958740234,82.67857360839844,90445,,NSE
CUMMINSIND,2004-05-11,82.14286041259766,82.14286041259766,78.64286041259766,80.14286041259766,61607,,NSE
CUMMINSIND,2004-05-12,80.17857360839844,80.17857360839844,77.85713958740234,79.10713958740234,105672,,NSE
CUMMINSIND,2004-05-13,75.07142639160156,82.14286041259766,75.07142639160156,79.32142639160156,64576,,NSE
CUMMINSIND,2004-05-14,78.92857360839844,83.53571319580078,70.71428680419922,80.78571319580078,442741,,NSE
CUMMINSIND,2004-05-17,78.57142639160156,78.57142639160156,65.78571319580078,72.89286041259766,80070,,NSE
CUMMINSIND,2004-05-18,73.64286041259766,77.10713958740234,71.96428680419922,73.0,41727,,NSE
CUMMINSIND,2004-05-19,73.64286041259766,76.92857360839844,72.85713958740234,73.57142639160156,65146,,NSE
CUMMINSIND,2004-05-20,74.35713958740234,74.92857360839844,72.85713958740234,73.25,56744,,NSE
CUMMINSIND,2004-05-21,71.57142639160156,73.92857360839844,71.07142639160156,73.17857360839844,38675,,NSE
CUMMINSIND,2004-05-24,75.0,79.25,74.32142639160156,77.64286041259766,105253,,NSE
CUMMINSIND,2004-05-25,77.14286041259766,79.28571319580078,75.78571319580078,78.67857360839844,44926,,NSE
CUMMINSIND,2004-05-26,79.57142639160156,82.14286041259766,78.92857360839844,81.78571319580078,129427,,NSE
CUMMINSIND,2004-05-27,78.57142639160156,82.78571319580078,78.57142639160156,79.35713958740234,65265,,NSE
CUMMINSIND,2004-05-28,81.28571319580078,83.57142639160156,77.64286041259766,78.39286041259766,268807,,NSE
CUMMINSIND,2004-05-31,81.07142639160156,81.07142639160156,72.85713958740234,77.39286041259766,56779,,NSE
CUMMINSIND,2004-06-01,78.14286041259766,80.42857360839844,75.78571319580078,76.78571319580078,72664,,NSE
CUMMINSIND,2004-06-02,78.57142639160156,78.57142639160156,75.89286041259766,76.46428680419922,45927,,NSE
CUMMINSIND,2004-06-03,74.92857360839844,76.78571319580078,72.5,72.96428680419922,810899,,NSE
CUMMINSIND,2004-06-04,73.92857360839844,74.85713958740234,70.0,71.39286041259766,393097,,NSE
CUMMINSIND,2004-06-07,71.5,75.71428680419922,71.42857360839844,72.85713958740234,935884,,NSE
CUMMINSIND,2004-06-08,73.57142639160156,75.0,72.85713958740234,73.67857360839844,73640,,NSE
CUMMINSIND,2004-06-09,73.57142639160156,74.57142639160156,73.10713958740234,74.28571319580078,122676,,NSE
CUMMINSIND,2004-06-10,74.28571319580078,76.78571319580078,74.28571319580078,74.60713958740234,108077,,NSE
CUMMINSIND,2004-06-11,76.07142639160156,76.07142639160156,72.5,73.17857360839844,76451,,NSE
CUMMINSIND,2004-06-14,73.57142639160156,73.57142639160156,71.42857360839844,71.67857360839844,31676,,NSE
CUMMINSIND,2004-06-15,72.14286041259766,73.21428680419922,71.07142639160156,71.35713958740234,55669,,NSE
CUMMINSIND,2004-06-16,72.85713958740234,73.03571319580078,71.07142639160156,71.75,20378,,NSE
CUMMINSIND,2004-06-17,71.85713958740234,72.42857360839844,71.21428680419922,71.46428680419922,28494,,NSE
CUMMINSIND,2004-06-18,72.14286041259766,73.17857360839844,71.42857360839844,72.35713958740234,29152,,NSE
CUMMINSIND,2004-06-21,72.46428680419922,72.46428680419922,70.71428680419922,70.82142639160156,108091,,NSE
CUMMINSIND,2004-06-22,71.21428680419922,71.25,68.57142639160156,68.78571319580078,36803,,NSE
CUMMINSIND,2004-06-23,69.92857360839844,70.0,66.82142639160156,67.57142639160156,26544,,NSE
CUMMINSIND,2004-06-24,67.5,68.14286041259766,66.14286041259766,67.10713958740234,20125,,NSE
CUMMINSIND,2004-06-25,67.5,72.78571319580078,66.42857360839844,71.57142639160156,172547,,NSE
CUMMINSIND,2004-06-28,71.42857360839844,75.0,71.42857360839844,73.07142639160156,411259,,NSE
CUMMINSIND,2004-06-29,74.17857360839844,74.21428680419922,71.42857360839844,71.85713958740234,32813,,NSE
CUMMINSIND,2004-06-30,72.14286041259766,72.85713958740234,70.07142639160156,70.67857360839844,27312,,NSE
CUMMINSIND,2004-07-01,72.0,72.82142639160156,70.35713958740234,72.10713958740234,24053,,NSE
CUMMINSIND,2004-07-02,71.42857360839844,72.85713958740234,70.17857360839844,70.92857360839844,27685,,NSE
CUMMINSIND,2004-07-05,71.42857360839844,72.14286041259766,69.64286041259766,70.39286041259766,35498,,NSE
CUMMINSIND,2004-07-06,69.46428680419922,72.14286041259766,69.46428680419922,71.75,21085,,NSE
CUMMINSIND,2004-07-07,72.14286041259766,72.57142639160156,70.71428680419922,71.03571319580078,30234,,NSE
CUMMINSIND,2004-07-08,72.78571319580078,72.89286041259766,69.28571319580078,69.82142639160156,43857,,NSE
CUMMINSIND,2004-07-09,69.46428680419922,70.71428680419922,68.57142639160156,70.21428680419922,31778,,NSE
CUMMINSIND,2004-07-12,77.14286041259766,77.14286041259766,69.85713958740234,70.42857360839844,37020,,NSE
CUMMINSIND,2004-07-13,70.42857360839844,72.14286041259766,70.42857360839844,71.28571319580078,43369,,NSE
CUMMINSIND,2004-07-14,72.07142639160156,72.07142639160156,68.96428680419922,69.82142639160156,52934,,NSE
CUMMINSIND,2004-07-15,69.46428680419922,70.35713958740234,69.28571319580078,69.78571319580078,47821,,NSE
CUMMINSIND,2004-07-16,69.28571319580078,70.0,68.75,69.89286041259766,62234,,NSE
CUMMINSIND,2004-07-19,69.71428680419922,71.32142639160156,69.5,70.39286041259766,89077,,NSE
CUMMINSIND,2004-07-20,70.71428680419922,71.07142639160156,68.96428680419922,69.14286041259766,48893,,NSE
CUMMINSIND,2004-07-21,70.0,70.21428680419922,66.14286041259766,67.14286041259766,109844,,NSE
CUMMINSIND,2004-07-22,68.5,68.53571319580078,66.78571319580078,67.03571319580078,109797,,NSE
CUMMINSIND,2004-07-23,67.71428680419922,68.21428680419922,66.32142639160156,67.60713958740234,192483,,NSE
CUMMINSIND,2004-07-26,67.78571319580078,69.64286041259766,66.71428680419922,67.07142639160156,120660,,NSE
CUMMINSIND,2004-07-27,67.32142639160156,68.03571319580078,65.71428680419922,65.96428680419922,217070,,NSE
CUMMINSIND,2004-07-28,67.82142639160156,67.82142639160156,64.32142639160156,64.75,132602,,NSE
CUMMINSIND,2004-07-29,66.07142639160156,67.32142639160156,65.17857360839844,66.78571319580078,316677,,NSE
CUMMINSIND,2004-07-30,67.03571319580078,71.35713958740234,67.03571319580078,69.10713958740234,559388,,NSE
CUMMINSIND,2004-08-02,69.92857360839844,71.07142639160156,68.28571319580078,69.67857360839844,148264,,NSE
CUMMINSIND,2004-08-03,70.17857360839844,74.0,70.17857360839844,72.78571319580078,448684,,NSE
CUMMINSIND,2004-08-04,73.17857360839844,79.71428680419922,73.03571319580078,78.10713958740234,1252056,,NSE
CUMMINSIND,2004-08-05,79.07142639160156,80.32142639160156,75.92857360839844,77.5,516447,,NSE
CUMMINSIND,2004-08-06,76.5,77.85713958740234,73.85713958740234,75.46428680419922,296969,,NSE
CUMMINSIND,2004-08-09,75.14286041259766,77.46428680419922,73.21428680419922,76.28571319580078,138341,,NSE
CUMMINSIND,2004-08-10,76.42857360839844,77.71428680419922,75.78571319580078,76.35713958740234,150077,,NSE
CUMMINSIND,2004-08-11,76.42857360839844,76.42857360839844,72.39286041259766,73.57142639160156,213502,,NSE
CUMMINSIND,2004-08-12,75.0,75.82142639160156,68.57142639160156,70.07142639160156,553870,,NSE
CUMMINSIND,2004-08-13,71.39286041259766,72.67857360839844,69.64286041259766,70.89286041259766,102075,,NSE
CUMMINSIND,2004-08-16,70.78571319580078,73.14286041259766,70.5,72.07142639160156,63210,,NSE
CUMMINSIND,2004-08-17,73.57142639160156,76.21428680419922,73.21428680419922,75.71428680419922,238870,,NSE
CUMMINSIND,2004-08-18,76.07142639160156,76.07142639160156,72.85713958740234,73.28571319580078,74548,,NSE
CUMMINSIND,2004-08-19,75.71428680419922,75.71428680419922,72.25,72.92857360839844,171614,,NSE
CUMMINSIND,2004-08-20,73.92857360839844,75.0,72.92857360839844,73.28571319580078,90154,,NSE
CUMMINSIND,2004-08-23,73.64286041259766,74.14286041259766,71.17857360839844,71.46428680419922,81277,,NSE
CUMMINSIND,2004-08-24,72.10713958740234,75.71428680419922,71.85713958740234,74.5,241458,,NSE
CUMMINSIND,2004-08-25,75.35713958740234,76.96428680419922,72.96428680419922,73.46428680419922,107332,,NSE
CUMMINSIND,2004-08-26,73.57142639160156,74.85713958740234,73.57142639160156,74.42857360839844,71940,,NSE
CUMMINSIND,2004-08-27,74.28571319580078,74.57142639160156,72.96428680419922,73.5,62094,,NSE
CUMMINSIND,2004-08-30,74.5,76.71428680419922,73.78571319580078,75.07142639160156,160687,,NSE
CUMMINSIND,2004-08-31,76.60713958740234,76.75,74.53571319580078,74.96428680419922,79007,,NSE
CUMMINSIND,2004-09-01,74.85713958740234,76.07142639160156,74.0,74.5,262460,,NSE
CUMMINSIND,2004-09-02,74.64286041259766,76.14286041259766,73.60713958740234,74.0,108571,,NSE
CUMMINSIND,2004-09-03,74.75,79.28571319580078,74.0,78.64286041259766,394688,,NSE
CUMMINSIND,2004-09-06,80.32142639160156,85.32142639160156,80.28571319580078,82.92857360839844,764664,,NSE
CUMMINSIND,2004-09-07,83.92857360839844,85.71428680419922,83.32142639160156,84.96428680419922,375953,,NSE
CUMMINSIND,2004-09-08,85.89286041259766,86.78571319580078,82.89286041259766,83.39286041259766,307482,,NSE
CUMMINSIND,2004-09-09,84.35713958740234,86.28571319580078,82.64286041259766,85.57142639160156,345013,,NSE
CUMMINSIND,2004-09-10,86.14286041259766,88.39286041259766,85.17857360839844,87.85713958740234,519096,,NSE
CUMMINSIND,2004-09-13,88.57142639160156,88.57142639160156,85.71428680419922,85.89286041259766,192159,,NSE
CUMMINSIND,2004-09-14,86.42857360839844,86.85713958740234,83.96428680419922,84.46428680419922,118078,,NSE
CUMMINSIND,2004-09-15,84.78571319580078,85.71428680419922,83.57142639160156,84.57142639160156,130333,,NSE
CUMMINSIND,2004-09-16,84.28571319580078,86.35713958740234,83.85713958740234,85.60713958740234,117808,,NSE
CUMMINSIND,2004-09-17,86.07142639160156,90.21428680419922,85.35713958740234,88.71428680419922,426291,,NSE
CUMMINSIND,2004-09-20,89.28571319580078,90.85713958740234,88.64286041259766,89.07142639160156,170352,,NSE
CUMMINSIND,2004-09-21,89.5,90.25,88.07142639160156,88.57142639160156,143365,,NSE
CUMMINSIND,2004-09-22,89.25,89.42857360839844,85.89286041259766,86.5,150743,,NSE
CUMMINSIND,2004-09-23,87.71428680419922,88.28571319580078,85.71428680419922,86.03571319580078,98196,,NSE
CUMMINSIND,2004-09-24,86.25,87.35713958740234,85.71428680419922,86.25,97620,,NSE
CUMMINSIND,2004-09-27,86.78571319580078,87.57142639160156,84.28571319580078,84.92857360839844,77697,,NSE
CUMMINSIND,2004-09-28,84.35713958740234,86.92857360839844,83.96428680419922,86.39286041259766,104197,,NSE
CUMMINSIND,2004-09-29,87.85713958740234,89.25,86.67857360839844,88.21428680419922,204664,,NSE
CUMMINSIND,2004-09-30,88.21428680419922,90.14286041259766,87.85713958740234,89.5,155666,,NSE
CUMMINSIND,2004-10-01,89.14286041259766,96.07142639160156,89.14286041259766,94.35713958740234,528476,,NSE
CUMMINSIND,2004-10-04,95.0,95.60713958740234,91.57142639160156,92.03571319580078,174312,,NSE
CUMMINSIND,2004-10-05,92.75,94.32142639160156,90.39286041259766,90.96428680419922,142116,,NSE
CUMMINSIND,2004-10-06,90.0,92.78571319580078,89.67857360839844,90.07142639160156,129519,,NSE
CUMMINSIND,2004-10-07,90.07142639160156,91.64286041259766,89.42857360839844,90.28571319580078,59578,,NSE
CUMMINSIND,2004-10-08,91.35713958740234,92.35713958740234,88.21428680419922,89.10713958740234,225197,,NSE
CUMMINSIND,2004-10-11,91.42857360839844,91.71428680419922,89.28571319580078,89.46428680419922,109065,,NSE
CUMMINSIND,2004-10-12,90.67857360839844,90.67857360839844,88.21428680419922,89.46428680419922,112765,,NSE
CUMMINSIND,2004-10-14,88.64286041259766,89.85713958740234,88.21428680419922,89.42857360839844,42631,,NSE
CUMMINSIND,2004-10-15,90.0,90.78571319580078,89.35713958740234,89.42857360839844,85773,,NSE
CUMMINSIND,2004-10-18,90.67857360839844,91.07142639160156,90.0,90.25,55553,,NSE
CUMMINSIND,2004-10-19,91.35713958740234,91.35713958740234,88.92857360839844,89.5,71888,,NSE
CUMMINSIND,2004-10-20,89.96428680419922,89.96428680419922,88.28571319580078,88.67857360839844,150080,,NSE
CUMMINSIND,2004-10-21,88.96428680419922,90.67857360839844,85.25,85.82142639160156,715496,,NSE
CUMMINSIND,2004-10-22,85.82142639160156,85.82142639160156,85.82142639160156,85.82142639160156,0,,NSE
CUMMINSIND,2004-10-25,85.89286041259766,86.07142639160156,81.89286041259766,85.17857360839844,167249,,NSE
CUMMINSIND,2004-10-26,85.64286041259766,86.07142639160156,80.35713958740234,81.5,247884,,NSE
CUMMINSIND,2004-10-27,81.57142639160156,86.35713958740234,81.57142639160156,85.82142639160156,149185,,NSE
CUMMINSIND,2004-10-28,86.46428680419922,91.42857360839844,85.67857360839844,90.89286041259766,1210517,,NSE
CUMMINSIND,2004-10-29,92.42857360839844,92.42857360839844,86.78571319580078,87.89286041259766,75423,,NSE
CUMMINSIND,2004-11-01,87.5,88.92857360839844,85.71428680419922,86.32142639160156,51587,,NSE
CUMMINSIND,2004-11-02,86.85713958740234,86.85713958740234,85.64286041259766,85.78571319580078,102398,,NSE
CUMMINSIND,2004-11-03,86.25,87.10713958740234,85.42857360839844,85.82142639160156,90480,,NSE
CUMMINSIND,2004-11-04,86.78571319580078,87.64286041259766,84.75,85.17857360839844,79557,,NSE
CUMMINSIND,2004-11-05,87.03571319580078,87.10713958740234,85.0,85.35713958740234,30392,,NSE
CUMMINSIND,2004-11-08,85.0,89.28571319580078,85.0,86.07142639160156,123173,,NSE
CUMMINSIND,2004-11-09,87.60713958740234,87.60713958740234,83.57142639160156,83.96428680419922,92213,,NSE
CUMMINSIND,2004-11-10,84.35713958740234,85.0,83.67857360839844,83.92857360839844,65801,,NSE
CUMMINSIND,2004-11-11,84.85713958740234,85.5,83.21428680419922,83.92857360839844,69904,,NSE
CUMMINSIND,2004-11-12,85.28571319580078,85.28571319580078,83.75,84.71428680419922,16788,,NSE
CUMMINSIND,2004-11-15,84.71428680419922,84.71428680419922,84.71428680419922,84.71428680419922,0,,NSE
CUMMINSIND,2004-11-16,85.28571319580078,86.07142639160156,84.78571319580078,85.14286041259766,39330,,NSE
CUMMINSIND,2004-11-17,85.64286041259766,89.85713958740234,85.64286041259766,88.89286041259766,303146,,NSE
CUMMINSIND,2004-11-18,89.92857360839844,90.0,87.5,88.89286041259766,124791,,NSE
CUMMINSIND,2004-11-19,90.64286041259766,91.28571319580078,88.21428680419922,88.67857360839844,179715,,NSE
CUMMINSIND,2004-11-22,88.57142639160156,89.28571319580078,86.42857360839844,87.60713958740234,50285,,NSE
CUMMINSIND,2004-11-23,88.25,89.64286041259766,87.67857360839844,88.53571319580078,69662,,NSE
CUMMINSIND,2004-11-24,88.96428680419922,90.35713958740234,87.14286041259766,87.5,82243,,NSE
CUMMINSIND,2004-11-25,87.82142639160156,89.14286041259766,86.57142639160156,87.03571319580078,59259,,NSE
CUMMINSIND,2004-11-26,87.03571319580078,87.03571319580078,87.03571319580078,87.03571319580078,0,,NSE
CUMMINSIND,2004-11-29,88.57142639160156,91.78571319580078,88.14286041259766,90.67857360839844,320730,,NSE
CUMMINSIND,2004-11-30,91.07142639160156,92.14286041259766,88.60713958740234,89.53571319580078,174748,,NSE
CUMMINSIND,2004-12-01,89.28571319580078,90.0,87.14286041259766,88.92857360839844,88533,,NSE
CUMMINSIND,2004-12-02,89.89286041259766,90.35713958740234,87.85713958740234,88.46428680419922,202777,,NSE
CUMMINSIND,2004-12-03,88.75,89.46428680419922,87.42857360839844,88.10713958740234,62963,,NSE
CUMMINSIND,2004-12-06,88.21428680419922,89.71428680419922,85.39286041259766,89.53571319580078,148493,,NSE
CUMMINSIND,2004-12-07,89.28571319580078,90.71428680419922,88.57142639160156,89.21428680419922,79457,,NSE
CUMMINSIND,2004-12-08,89.96428680419922,89.96428680419922,87.14286041259766,87.53571319580078,51562,,NSE
CUMMINSIND,2004-12-09,88.57142639160156,88.57142639160156,86.82142639160156,87.35713958740234,61110,,NSE
CUMMINSIND,2004-12-10,87.5,87.85713958740234,86.96428680419922,87.35713958740234,38143,,NSE
CUMMINSIND,2004-12-13,87.14286041259766,88.53571319580078,86.42857360839844,87.03571319580078,34906,,NSE
CUMMINSIND,2004-12-14,88.92857360839844,89.64286041259766,87.14286041259766,88.42857360839844,89642,,NSE
CUMMINSIND,2004-12-15,87.85713958740234,89.46428680419922,87.0,87.75,123306,,NSE
CUMMINSIND,2004-12-16,88.46428680419922,88.46428680419922,86.78571319580078,87.14286041259766,124706,,NSE
CUMMINSIND,2004-12-17,87.82142639160156,89.96428680419922,87.17857360839844,88.57142639160156,135485,,NSE
CUMMINSIND,2004-12-20,89.85713958740234,92.28571319580078,88.10713958740234,89.67857360839844,275059,,NSE
CUMMINSIND,2004-12-21,91.28571319580078,93.5,88.75,89.07142639160156,254819,,NSE
CUMMINSIND,2004-12-22,90.85713958740234,91.32142639160156,87.35713958740234,87.64286041259766,133887,,NSE
CUMMINSIND,2004-12-23,87.85713958740234,88.17857360839844,87.0,87.17857360839844,99310,,NSE
CUMMINSIND,2004-12-24,88.5,88.57142639160156,87.42857360839844,88.25,61811,,NSE
CUMMINSIND,2004-12-27,87.35713958740234,88.92857360839844,87.17857360839844,88.07142639160156,140294,,NSE
CUMMINSIND,2004-12-28,88.5,88.5,86.42857360839844,86.64286041259766,178164,,NSE
CUMMINSIND,2004-12-29,88.5,88.53571319580078,86.25,86.71428680419922,117749,,NSE
CUMMINSIND,2004-12-30,86.42857360839844,87.71428680419922,85.75,85.89286041259766,85502,,NSE
CUMMINSIND,2004-12-31,86.67857360839844,88.57142639160156,86.07142639160156,87.5,106537,,NSE
CUMMINSIND,2005-01-03,85.71428680419922,89.28571319580078,85.71428680419922,88.03571319580078,117122,,NSE
CUMMINSIND,2005-01-04,88.57142639160156,96.42857360839844,88.57142639160156,90.82142639160156,1133091,,NSE
CUMMINSIND,2005-01-05,90.71428680419922,93.92857360839844,88.78571319580078,90.10713958740234,781855,,NSE
CUMMINSIND,2005-01-06,91.28571319580078,92.71428680419922,88.64286041259766,90.03571319580078,403970,,NSE
CUMMINSIND,2005-01-07,90.71428680419922,92.14286041259766,90.03571319580078,90.46428680419922,356104,,NSE
CUMMINSIND,2005-01-10,92.0,94.85713958740234,91.42857360839844,92.28571319580078,451836,,NSE
CUMMINSIND,2005-01-11,92.78571319580078,93.21428680419922,90.35713958740234,91.10713958740234,200594,,NSE
CUMMINSIND,2005-01-12,90.92857360839844,91.60713958740234,87.5,88.21428680419922,165123,,NSE
CUMMINSIND,2005-01-13,88.21428680419922,90.35713958740234,88.21428680419922,88.53571319580078,158050,,NSE
CUMMINSIND,2005-01-14,88.92857360839844,89.28571319580078,87.39286041259766,88.03571319580078,97438,,NSE
CUMMINSIND,2005-01-17,87.92857360839844,88.57142639160156,85.0,86.17857360839844,119560,,NSE
CUMMINSIND,2005-01-18,87.14286041259766,88.53571319580078,86.85713958740234,87.21428680419922,75404,,NSE
CUMMINSIND,2005-01-19,87.78571319580078,88.92857360839844,86.42857360839844,88.17857360839844,90675,,NSE
CUMMINSIND,2005-01-20,88.5,88.5,85.71428680419922,86.46428680419922,70994,,NSE
CUMMINSIND,2005-01-24,88.57142639160156,89.71428680419922,86.78571319580078,87.03571319580078,74666,,NSE
CUMMINSIND,2005-01-25,87.32142639160156,87.46428680419922,85.03571319580078,85.46428680419922,97559,,NSE
CUMMINSIND,2005-01-27,87.46428680419922,88.5,85.96428680419922,87.96428680419922,87578,,NSE
CUMMINSIND,2005-01-28,89.14286041259766,92.10713958740234,87.14286041259766,88.71428680419922,432237,,NSE
CUMMINSIND,2005-01-31,89.92857360839844,92.0,89.64286041259766,90.92857360839844,929845,,NSE
CUMMINSIND,2005-02-01,91.67857360839844,96.42857360839844,90.39286041259766,93.57142639160156,733237,,NSE
CUMMINSIND,2005-02-02,94.28571319580078,96.0,92.14286041259766,92.57142639160156,294492,,NSE
CUMMINSIND,2005-02-03,93.5,98.57142639160156,93.5,97.71428680419922,1354735,,NSE
CUMMINSIND,2005-02-04,98.92857360839844,99.28571319580078,95.85713958740234,96.71428680419922,617724,,NSE
CUMMINSIND,2005-02-07,98.42857360839844,98.57142639160156,96.14286041259766,96.78571319580078,408780,,NSE
CUMMINSIND,2005-02-08,97.14286041259766,97.85713958740234,95.0,96.46428680419922,379464,,NSE
CUMMINSIND,2005-02-09,97.07142639160156,97.07142639160156,95.35713958740234,95.85713958740234,319530,,NSE
CUMMINSIND,2005-02-10,96.42857360839844,97.0,94.5,95.42857360839844,156569,,NSE
CUMMINSIND,2005-02-11,96.28571319580078,96.42857360839844,93.78571319580078,94.35713958740234,135378,,NSE
CUMMINSIND,2005-02-14,95.64286041259766,96.07142639160156,91.53571319580078,92.42857360839844,206869,,NSE
CUMMINSIND,2005-02-15,93.46428680419922,95.28571319580078,91.42857360839844,92.60713958740234,165933,,NSE
CUMMINSIND,2005-02-16,93.78571319580078,93.78571319580078,90.03571319580078,90.64286041259766,205014,,NSE
CUMMINSIND,2005-02-17,91.07142639160156,92.67857360839844,88.28571319580078,91.32142639160156,450028,,NSE
CUMMINSIND,2005-02-18,92.71428680419922,94.28571319580078,90.78571319580078,91.32142639160156,473359,,NSE
CUMMINSIND,2005-02-21,92.14286041259766,92.14286041259766,88.78571319580078,89.35713958740234,389222,,NSE
CUMMINSIND,2005-02-22,90.32142639160156,90.71428680419922,88.71428680419922,89.5,393666,,NSE
CUMMINSIND,2005-02-23,89.0,91.39286041259766,89.0,89.46428680419922,109139,,NSE
CUMMINSIND,2005-02-24,90.0,90.71428680419922,88.32142639160156,88.67857360839844,348332,,NSE
CUMMINSIND,2005-02-25,89.64286041259766,90.0,88.57142639160156,89.53571319580078,260072,,NSE
CUMMINSIND,2005-02-28,90.32142639160156,91.14286041259766,87.92857360839844,88.39286041259766,104752,,NSE
CUMMINSIND,2005-03-01,88.57142639160156,91.78571319580078,88.21428680419922,89.92857360839844,483449,,NSE
CUMMINSIND,2005-03-02,90.0,90.71428680419922,88.92857360839844,89.14286041259766,93683,,NSE
CUMMINSIND,2005-03-03,90.35713958740234,90.5,89.28571319580078,89.53571319580078,90531,,NSE
CUMMINSIND,2005-03-04,90.0,91.39286041259766,89.39286041259766,90.07142639160156,248249,,NSE
CUMMINSIND,2005-03-07,91.42857360839844,91.71428680419922,88.92857360839844,89.82142639160156,148324,,NSE
CUMMINSIND,2005-03-08,90.0,90.35713958740234,88.14286041259766,88.67857360839844,149749,,NSE
CUMMINSIND,2005-03-09,88.92857360839844,90.07142639160156,86.78571319580078,89.32142639160156,247185,,NSE
CUMMINSIND,2005-03-10,88.64286041259766,89.35713958740234,88.21428680419922,88.71428680419922,232016,,NSE
CUMMINSIND,2005-03-11,89.92857360839844,89.92857360839844,86.89286041259766,87.28571319580078,151674,,NSE
CUMMINSIND,2005-03-14,88.46428680419922,88.5,85.5,85.75,200940,,NSE
CUMMINSIND,2005-03-15,85.82142639160156,86.78571319580078,85.14286041259766,85.35713958740234,199619,,NSE
CUMMINSIND,2005-03-16,86.07142639160156,86.32142639160156,85.0,85.14286041259766,81517,,NSE
CUMMINSIND,2005-03-17,86.0,86.21428680419922,83.57142639160156,84.10713958740234,177931,,NSE
CUMMINSIND,2005-03-18,84.28571319580078,84.85713958740234,81.78571319580078,81.96428680419922,234810,,NSE
CUMMINSIND,2005-03-21,82.14286041259766,82.60713958740234,80.53571319580078,81.17857360839844,310164,,NSE
CUMMINSIND,2005-03-22,80.89286041259766,81.32142639160156,79.28571319580078,79.46428680419922,143164,,NSE
CUMMINSIND,2005-03-23,79.28571319580078,79.64286041259766,77.14286041259766,77.39286041259766,166818,,NSE
CUMMINSIND,2005-03-24,77.85713958740234,79.28571319580078,77.14286041259766,77.35713958740234,207909,,NSE
CUMMINSIND,2005-03-28,77.85713958740234,79.28571319580078,76.92857360839844,77.14286041259766,146865,,NSE
CUMMINSIND,2005-03-29,77.14286041259766,79.28571319580078,76.42857360839844,77.46428680419922,124944,,NSE
CUMMINSIND,2005-03-30,78.57142639160156,79.64286041259766,77.25,78.60713958740234,238463,,NSE
CUMMINSIND,2005-03-31,79.28571319580078,82.14286041259766,79.28571319580078,79.85713958740234,213959,,NSE
CUMMINSIND,2005-04-01,80.0,81.42857360839844,79.78571319580078,80.53571319580078,175667,,NSE
CUMMINSIND,2005-04-04,81.5,81.92857360839844,80.35713958740234,80.92857360839844,66540,,NSE
CUMMINSIND,2005-04-05,81.0,81.07142639160156,79.28571319580078,79.39286041259766,87455,,NSE
CUMMINSIND,2005-04-06,81.03571319580078,81.03571319580078,79.03571319580078,79.28571319580078,111435,,NSE
CUMMINSIND,2005-04-07,80.0,80.60713958740234,79.28571319580078,79.5,77516,,NSE
CUMMINSIND,2005-04-08,80.0,80.0,77.85713958740234,78.21428680419922,102414,,NSE
CUMMINSIND,2005-04-11,77.85713958740234,78.57142639160156,77.14286041259766,77.25,94991,,NSE
CUMMINSIND,2005-04-12,77.96428680419922,78.89286041259766,77.14286041259766,78.42857360839844,70952,,NSE
CUMMINSIND,2005-04-13,78.92857360839844,80.28571319580078,77.57142639160156,77.96428680419922,77359,,NSE
CUMMINSIND,2005-04-15,77.85713958740234,78.57142639160156,76.35713958740234,77.42857360839844,115283,,NSE
CUMMINSIND,2005-04-18,77.35713958740234,77.35713958740234,75.89286041259766,76.32142639160156,93410,,NSE
CUMMINSIND,2005-04-19,76.78571319580078,77.82142639160156,75.03571319580078,75.46428680419922,76232,,NSE
CUMMINSIND,2005-04-20,76.42857360839844,77.07142639160156,75.0,76.57142639160156,131394,,NSE
CUMMINSIND,2005-04-21,77.07142639160156,79.14286041259766,75.71428680419922,78.39286041259766,109610,,NSE
CUMMINSIND,2005-04-22,78.57142639160156,84.28571319580078,78.21428680419922,78.75,677993,,NSE
CUMMINSIND,2005-04-25,79.89286041259766,80.0,78.03571319580078,79.35713958740234,585065,,NSE
CUMMINSIND,2005-04-26,80.42857360839844,83.89286041259766,79.92857360839844,82.07142639160156,847285,,NSE
CUMMINSIND,2005-04-27,82.85713958740234,83.57142639160156,80.21428680419922,80.71428680419922,725452,,NSE
CUMMINSIND,2005-04-28,80.78571319580078,81.85713958740234,80.35713958740234,80.71428680419922,198205,,NSE
CUMMINSIND,2005-04-29,80.78571319580078,81.96428680419922,78.03571319580078,81.0,1394187,,NSE
CUMMINSIND,2005-05-02,82.0,82.0,79.78571319580078,80.25,133812,,NSE
CUMMINSIND,2005-05-03,79.78571319580078,81.35713958740234,78.57142639160156,80.17857360839844,143168,,NSE
CUMMINSIND,2005-05-04,80.0,82.21428680419922,80.0,81.89286041259766,302202,,NSE
CUMMINSIND,2005-05-05,83.5,86.0,83.21428680419922,84.92857360839844,669264,,NSE
CUMMINSIND,2005-05-06,87.03571319580078,88.25,84.14286041259766,85.07142639160156,506191,,NSE
CUMMINSIND,2005-05-09,86.42857360839844,86.42857360839844,84.39286041259766,84.85713958740234,229696,,NSE
CUMMINSIND,2005-05-10,86.03571319580078,86.46428680419922,84.35713958740234,85.21428680419922,233143,,NSE
CUMMINSIND,2005-05-11,85.71428680419922,85.71428680419922,83.57142639160156,84.28571319580078,151349,,NSE
CUMMINSIND,2005-05-12,84.71428680419922,85.71428680419922,84.28571319580078,85.14286041259766,169079,,NSE
CUMMINSIND,2005-05-13,85.57142639160156,89.10713958740234,85.17857360839844,88.64286041259766,606377,,NSE
CUMMINSIND,2005-05-16,89.07142639160156,90.53571319580078,87.89286041259766,88.92857360839844,467220,,NSE
CUMMINSIND,2005-05-17,89.64286041259766,89.64286041259766,87.14286041259766,87.46428680419922,172776,,NSE
CUMMINSIND,2005-05-18,87.78571319580078,87.78571319580078,84.46428680419922,85.28571319580078,212210,,NSE
CUMMINSIND,2005-05-19,85.71428680419922,87.32142639160156,85.21428680419922,85.64286041259766,250399,,NSE
CUMMINSIND,2005-05-20,86.42857360839844,86.78571319580078,85.21428680419922,85.57142639160156,315452,,NSE
CUMMINSIND,2005-05-23,85.78571319580078,87.85713958740234,85.78571319580078,87.46428680419922,264684,,NSE
CUMMINSIND,2005-05-24,87.85713958740234,89.28571319580078,87.28571319580078,88.07142639160156,585310,,NSE
CUMMINSIND,2005-05-25,88.53571319580078,91.17857360839844,87.32142639160156,90.0,1988309,,NSE
CUMMINSIND,2005-05-26,90.67857360839844,91.67857360839844,87.89286041259766,88.75,956491,,NSE
CUMMINSIND,2005-05-27,88.57142639160156,89.92857360839844,87.25,88.17857360839844,268826,,NSE
CUMMINSIND,2005-05-30,88.60713958740234,89.35713958740234,86.53571319580078,87.10713958740234,187427,,NSE
CUMMINSIND,2005-05-31,87.07142639160156,87.85713958740234,86.42857360839844,87.10713958740234,382664,,NSE
CUMMINSIND,2005-06-01,87.85713958740234,88.57142639160156,87.5,87.92857360839844,367778,,NSE
CUMMINSIND,2005-06-02,89.57142639160156,90.71428680419922,88.60713958740234,89.10713958740234,581026,,NSE
CUMMINSIND,2005-06-03,90.0,92.14286041259766,89.32142639160156,89.57142639160156,470257,,NSE
CUMMINSIND,2005-06-06,93.21428680419922,98.57142639160156,92.85713958740234,97.75,1901123,,NSE
CUMMINSIND,2005-06-07,97.85713958740234,103.71428680419922,97.21428680419922,102.92857360839844,2327843,,NSE
CUMMINSIND,2005-06-08,103.57142639160156,107.42857360839844,102.5,103.32142639160156,3152696,,NSE
CUMMINSIND,2005-06-09,103.57142639160156,104.21428680419922,101.03571319580078,101.53571319580078,785374,,NSE
CUMMINSIND,2005-06-10,102.14286041259766,105.28571319580078,100.07142639160156,100.82142639160156,957286,,NSE
CUMMINSIND,2005-06-13,101.78571319580078,103.10713958740234,98.96428680419922,101.89286041259766,596323,,NSE
CUMMINSIND,2005-06-14,101.42857360839844,102.14286041259766,100.0,100.42857360839844,320639,,NSE
CUMMINSIND,2005-06-15,100.35713958740234,101.57142639160156,98.64286041259766,99.03571319580078,647921,,NSE
CUMMINSIND,2005-06-16,99.89286041259766,100.35713958740234,96.42857360839844,96.75,323465,,NSE
CUMMINSIND,2005-06-17,97.82142639160156,97.82142639160156,93.46428680419922,96.39286041259766,181412,,NSE
CUMMINSIND,2005-06-20,96.42857360839844,97.14286041259766,93.07142639160156,95.82142639160156,176415,,NSE
CUMMINSIND,2005-06-21,95.82142639160156,98.39286041259766,94.28571319580078,97.5,216692,,NSE
CUMMINSIND,2005-06-22,97.82142639160156,99.46428680419922,95.78571319580078,96.85713958740234,377386,,NSE
CUMMINSIND,2005-06-23,97.14286041259766,99.25,95.71428680419922,96.03571319580078,1154850,,NSE
CUMMINSIND,2005-06-24,95.10713958740234,97.78571319580078,95.07142639160156,96.03571319580078,823272,,NSE
CUMMINSIND,2005-06-27,96.39286041259766,96.78571319580078,94.75,95.10713958740234,2367211,,NSE
CUMMINSIND,2005-06-28,95.0,95.71428680419922,92.28571319580078,92.92857360839844,245007,,NSE
CUMMINSIND,2005-06-29,89.28571319580078,95.35713958740234,89.28571319580078,94.57142639160156,248936,,NSE
CUMMINSIND,2005-06-30,95.21428680419922,96.32142639160156,92.64286041259766,93.67857360839844,777533,,NSE
CUMMINSIND,2005-07-01,94.0,98.57142639160156,93.78571319580078,96.35713958740234,477596,,NSE
CUMMINSIND,2005-07-04,97.07142639160156,103.57142639160156,95.75,103.17857360839844,1282675,,NSE
CUMMINSIND,2005-07-05,104.10713958740234,106.35713958740234,99.0,100.42857360839844,1414597,,NSE
CUMMINSIND,2005-07-06,100.71428680419922,102.78571319580078,100.35713958740234,101.5,500938,,NSE
CUMMINSIND,2005-07-07,102.46428680419922,102.78571319580078,97.92857360839844,98.85713958740234,459827,,NSE
CUMMINSIND,2005-07-08,101.07142639160156,101.28571319580078,98.92857360839844,100.60713958740234,308714,,NSE
CUMMINSIND,2005-07-11,101.71428680419922,103.75,100.42857360839844,101.96428680419922,401629,,NSE
CUMMINSIND,2005-07-12,101.96428680419922,110.71428680419922,100.71428680419922,109.10713958740234,1496030,,NSE
CUMMINSIND,2005-07-13,111.07142639160156,115.64286041259766,109.35713958740234,110.46428680419922,1800580,,NSE
CUMMINSIND,2005-07-14,111.03571319580078,112.32142639160156,107.67857360839844,108.28571319580078,723910,,NSE
CUMMINSIND,2005-07-15,108.14286041259766,110.64286041259766,107.0,110.10713958740234,439252,,NSE
CUMMINSIND,2005-07-18,111.57142639160156,111.57142639160156,108.57142639160156,108.78571319580078,276967,,NSE
CUMMINSIND,2005-07-19,109.78571319580078,109.92857360839844,107.32142639160156,108.10713958740234,136637,,NSE
CUMMINSIND,2005-07-20,110.0,110.0,106.53571319580078,107.10713958740234,288670,,NSE
CUMMINSIND,2005-07-21,107.78571319580078,110.28571319580078,104.28571319580078,106.07142639160156,282735,,NSE
CUMMINSIND,2005-07-22,107.17857360839844,109.21428680419922,104.28571319580078,108.03571319580078,220589,,NSE
CUMMINSIND,2005-07-25,108.57142639160156,109.07142639160156,106.10713958740234,106.71428680419922,189851,,NSE
CUMMINSIND,2005-07-26,107.14286041259766,107.14286041259766,105.71428680419922,105.89286041259766,79499,,NSE
CUMMINSIND,2005-07-27,106.42857360839844,107.07142639160156,105.0,105.75,106761,,NSE
CUMMINSIND,2005-07-28,105.75,105.75,105.75,105.75,0,,NSE
CUMMINSIND,2005-07-29,106.07142639160156,106.71428680419922,94.0,98.35713958740234,2074879,,NSE
CUMMINSIND,2005-08-01,100.0,104.71428680419922,99.07142639160156,103.78571319580078,492975,,NSE
CUMMINSIND,2005-08-02,105.32142639160156,105.32142639160156,103.75,104.64286041259766,381915,,NSE
CUMMINSIND,2005-08-03,105.0,106.71428680419922,102.85713958740234,103.75,315824,,NSE
CUMMINSIND,2005-08-04,104.64286041259766,105.35713958740234,103.57142639160156,103.75,215325,,NSE
CUMMINSIND,2005-08-05,103.25,109.42857360839844,103.25,107.21428680419922,768615,,NSE
CUMMINSIND,2005-08-08,108.42857360839844,108.5,104.28571319580078,104.82142639160156,347284,,NSE
CUMMINSIND,2005-08-09,105.57142639160156,106.03571319580078,102.5,103.82142639160156,255320,,NSE
CUMMINSIND,2005-08-10,106.35713958740234,107.07142639160156,104.35713958740234,106.39286041259766,185460,,NSE
CUMMINSIND,2005-08-11,108.35713958740234,109.28571319580078,105.71428680419922,106.32142639160156,273616,,NSE
CUMMINSIND,2005-08-12,106.75,110.67857360839844,104.82142639160156,109.5,926287,,NSE
CUMMINSIND,2005-08-16,110.35713958740234,112.46428680419922,109.28571319580078,110.78571319580078,798926,,NSE
CUMMINSIND,2005-08-17,111.07142639160156,112.07142639160156,109.64286041259766,110.25,320455,,NSE
CUMMINSIND,2005-08-18,110.71428680419922,111.71428680419922,107.14286041259766,107.53571319580078,304546,,NSE
CUMMINSIND,2005-08-19,107.92857360839844,109.07142639160156,107.14286041259766,107.46428680419922,169118,,NSE
CUMMINSIND,2005-08-22,107.85713958740234,110.57142639160156,104.78571319580078,105.67857360839844,284088,,NSE
CUMMINSIND,2005-08-23,106.92857360839844,107.21428680419922,103.57142639160156,103.89286041259766,389053,,NSE
CUMMINSIND,2005-08-24,104.32142639160156,105.14286041259766,101.46428680419922,103.14286041259766,317801,,NSE
CUMMINSIND,2005-08-25,103.57142639160156,104.71428680419922,101.78571319580078,102.85713958740234,919583,,NSE
CUMMINSIND,2005-08-26,104.28571319580078,108.35713958740234,103.21428680419922,106.85713958740234,448201,,NSE
CUMMINSIND,2005-08-29,106.42857360839844,107.07142639160156,104.03571319580078,105.67857360839844,149731,,NSE
CUMMINSIND,2005-08-30,106.5,107.5,106.07142639160156,106.60713958740234,708114,,NSE
CUMMINSIND,2005-08-31,106.78571319580078,108.85713958740234,106.07142639160156,106.78571319580078,331969,,NSE
CUMMINSIND,2005-09-01,107.85713958740234,108.39286041259766,105.5,106.10713958740234,278742,,NSE
CUMMINSIND,2005-09-02,106.42857360839844,110.64286041259766,105.78571319580078,109.42857360839844,1148557,,NSE
CUMMINSIND,2005-09-05,110.53571319580078,115.17857360839844,109.64286041259766,113.17857360839844,1696553,,NSE
CUMMINSIND,2005-09-06,115.03571319580078,115.92857360839844,112.5,113.32142639160156,1415230,,NSE
CUMMINSIND,2005-09-08,114.28571319580078,114.82142639160156,112.21428680419922,112.71428680419922,431642,,NSE
CUMMINSIND,2005-09-09,113.42857360839844,114.0,110.71428680419922,111.28571319580078,184303,,NSE
CUMMINSIND,2005-09-12,112.42857360839844,112.85713958740234,110.71428680419922,111.39286041259766,456790,,NSE
CUMMINSIND,2005-09-13,111.78571319580078,115.82142639160156,111.10713958740234,113.89286041259766,1275772,,NSE
CUMMINSIND,2005-09-14,116.39286041259766,116.39286041259766,110.0,112.28571319580078,1174142,,NSE
CUMMINSIND,2005-09-15,113.57142639160156,114.64286041259766,112.92857360839844,113.42857360839844,570992,,NSE
CUMMINSIND,2005-09-16,114.28571319580078,114.28571319580078,112.5,113.28571319580078,420352,,NSE
CUMMINSIND,2005-09-19,113.92857360839844,115.0,112.85713958740234,114.10713958740234,516237,,NSE
CUMMINSIND,2005-09-20,114.42857360839844,114.42857360839844,112.21428680419922,113.25,408520,,NSE
CUMMINSIND,2005-09-21,114.07142639160156,114.07142639160156,104.28571319580078,108.82142639160156,537100,,NSE
CUMMINSIND,2005-09-22,109.0,109.0,98.21428680419922,100.46428680419922,408784,,NSE
CUMMINSIND,2005-09-23,102.85713958740234,103.57142639160156,97.32142639160156,100.25,635957,,NSE
CUMMINSIND,2005-09-26,102.14286041259766,105.07142639160156,100.53571319580078,104.71428680419922,893856,,NSE
CUMMINSIND,2005-09-27,106.07142639160156,108.85713958740234,103.25,107.03571319580078,678921,,NSE
CUMMINSIND,2005-09-28,107.5,109.78571319580078,105.75,107.96428680419922,737597,,NSE
CUMMINSIND,2005-09-29,109.0,109.42857360839844,105.78571319580078,108.03571319580078,1741849,,NSE
CUMMINSIND,2005-09-30,109.03571319580078,109.64286041259766,103.96428680419922,106.60713958740234,293816,,NSE
CUMMINSIND,2005-10-03,107.92857360839844,109.78571319580078,105.89286041259766,109.28571319580078,242439,,NSE
CUMMINSIND,2005-10-04,109.32142639160156,110.64286041259766,108.96428680419922,109.46428680419922,482155,,NSE
CUMMINSIND,2005-10-05,110.42857360839844,110.42857360839844,106.78571319580078,107.89286041259766,175919,,NSE
CUMMINSIND,2005-10-06,106.42857360839844,107.42857360839844,104.75,106.78571319580078,344309,,NSE
CUMMINSIND,2005-10-07,107.14286041259766,109.60713958740234,105.0,107.0,299507,,NSE
CUMMINSIND,2005-10-10,108.21428680419922,110.21428680419922,105.85713958740234,108.5,400184,,NSE
CUMMINSIND,2005-10-11,109.10713958740234,109.10713958740234,105.60713958740234,106.17857360839844,382832,,NSE
CUMMINSIND,2005-10-13,105.85713958740234,107.57142639160156,105.0,105.0,189039,,NSE
CUMMINSIND,2005-10-14,105.71428680419922,105.71428680419922,100.71428680419922,100.96428680419922,161135,,NSE
CUMMINSIND,2005-10-17,102.14286041259766,102.85713958740234,99.28571319580078,102.03571319580078,391085,,NSE
CUMMINSIND,2005-10-18,102.14286041259766,103.92857360839844,100.07142639160156,102.60713958740234,624789,,NSE
CUMMINSIND,2005-10-19,101.39286041259766,101.78571319580078,97.85713958740234,98.71428680419922,237279,,NSE
CUMMINSIND,2005-10-20,101.07142639160156,106.42857360839844,87.21428680419922,92.64286041259766,480057,,NSE
CUMMINSIND,2005-10-21,92.14286041259766,97.75,91.42857360839844,96.60713958740234,452650,,NSE
CUMMINSIND,2005-10-24,97.14286041259766,99.14286041259766,95.64286041259766,96.21428680419922,415850,,NSE
CUMMINSIND,2005-10-25,97.14286041259766,98.17857360839844,94.32142639160156,94.89286041259766,354674,,NSE
CUMMINSIND,2005-10-26,94.96428680419922,99.78571319580078,94.96428680419922,99.32142639160156,1151827,,NSE
CUMMINSIND,2005-10-27,99.32142639160156,103.35713958740234,97.92857360839844,101.57142639160156,1379064,,NSE
CUMMINSIND,2005-10-28,100.89286041259766,104.42857360839844,98.71428680419922,103.10713958740234,1175437,,NSE
CUMMINSIND,2005-10-31,104.21428680419922,104.21428680419922,98.57142639160156,101.5,237693,,NSE
CUMMINSIND,2005-11-02,100.0,104.21428680419922,100.0,103.5,297564,,NSE
CUMMINSIND,2005-11-04,103.5,103.5,103.5,103.5,0,,NSE
CUMMINSIND,2005-11-07,105.0,105.42857360839844,103.03571319580078,103.85713958740234,159208,,NSE
CUMMINSIND,2005-11-08,105.35713958740234,105.53571319580078,103.42857360839844,103.64286041259766,187020,,NSE
CUMMINSIND,2005-11-09,103.92857360839844,105.96428680419922,103.57142639160156,105.39286041259766,350884,,NSE
CUMMINSIND,2005-11-10,106.07142639160156,108.0,105.0,106.0,310801,,NSE
CUMMINSIND,2005-11-11,105.82142639160156,107.07142639160156,104.64286041259766,105.14286041259766,313889,,NSE
CUMMINSIND,2005-11-14,102.96428680419922,106.85713958740234,102.96428680419922,104.67857360839844,73845,,NSE
CUMMINSIND,2005-11-16,105.07142639160156,106.42857360839844,104.64286041259766,105.85713958740234,117754,,NSE
CUMMINSIND,2005-11-17,106.28571319580078,108.5,105.0,107.17857360839844,126625,,NSE
CUMMINSIND,2005-11-18,107.89286041259766,109.21428680419922,106.92857360839844,107.53571319580078,163486,,NSE
CUMMINSIND,2005-11-21,107.85713958740234,109.96428680419922,106.42857360839844,108.82142639160156,437355,,NSE
CUMMINSIND,2005-11-22,108.82142639160156,110.35713958740234,107.14286041259766,108.46428680419922,383931,,NSE
CUMMINSIND,2005-11-23,108.92857360839844,110.21428680419922,108.39286041259766,108.75,254917,,NSE
CUMMINSIND,2005-11-24,109.14286041259766,111.42857360839844,108.25,109.14286041259766,901429,,NSE
CUMMINSIND,2005-11-25,108.78571319580078,111.21428680419922,108.78571319580078,110.60713958740234,316086,,NSE
CUMMINSIND,2005-11-28,121.42857360839844,123.64286041259766,118.10713958740234,119.28571319580078,1583470,,NSE
CUMMINSIND,2005-11-29,116.07142639160156,119.42857360839844,115.03571319580078,115.89286041259766,1373668,,NSE
CUMMINSIND,2005-11-30,116.21428680419922,120.17857360839844,115.17857360839844,118.0,1183966,,NSE
CUMMINSIND,2005-12-01,119.17857360839844,120.0,116.14286041259766,119.03571319580078,645342,,NSE
CUMMINSIND,2005-12-02,120.71428680419922,124.39286041259766,120.14286041259766,122.14286041259766,1610932,,NSE
CUMMINSIND,2005-12-05,123.28571319580078,123.28571319580078,118.57142639160156,119.82142639160156,362458,,NSE
CUMMINSIND,2005-12-06,117.89286041259766,123.03571319580078,117.89286041259766,120.28571319580078,432583,,NSE
CUMMINSIND,2005-12-07,120.78571319580078,121.0,117.85713958740234,118.89286041259766,433396,,NSE
CUMMINSIND,2005-12-08,119.78571319580078,119.92857360839844,116.96428680419922,119.14286041259766,465767,,NSE
CUMMINSIND,2005-12-09,119.85713958740234,123.03571319580078,119.0,121.10713958740234,1492110,,NSE
CUMMINSIND,2005-12-12,121.42857360839844,122.5,119.42857360839844,120.53571319580078,597282,,NSE
CUMMINSIND,2005-12-13,121.0,123.5,120.14286041259766,122.82142639160156,685402,,NSE
CUMMINSIND,2005-12-14,123.5,123.92857360839844,120.53571319580078,121.21428680419922,468918,,NSE
CUMMINSIND,2005-12-15,120.89286041259766,122.5,116.60713958740234,118.57142639160156,222219,,NSE
CUMMINSIND,2005-12-16,119.25,119.25,117.14286041259766,117.64286041259766,704279,,NSE
CUMMINSIND,2005-12-19,118.89286041259766,120.0,117.35713958740234,117.92857360839844,269687,,NSE
CUMMINSIND,2005-12-20,118.42857360839844,119.39286041259766,116.78571319580078,117.28571319580078,340676,,NSE
CUMMINSIND,2005-12-21,112.53571319580078,118.28571319580078,112.53571319580078,116.85713958740234,302117,,NSE
CUMMINSIND,2005-12-22,115.75,117.75,115.75,116.35713958740234,95642,,NSE
CUMMINSIND,2005-12-23,120.0,120.0,114.35713958740234,115.53571319580078,302065,,NSE
CUMMINSIND,2005-12-26,114.82142639160156,114.82142639160156,111.42857360839844,111.78571319580078,197589,,NSE
CUMMINSIND,2005-12-27,111.78571319580078,114.14286041259766,110.07142639160156,113.64286041259766,207950,,NSE
CUMMINSIND,2005-12-28,114.28571319580078,116.07142639160156,112.85713958740234,113.32142639160156,150241,,NSE
CUMMINSIND,2005-12-29,117.85713958740234,117.85713958740234,110.39286041259766,111.14286041259766,697376,,NSE
CUMMINSIND,2005-12-30,112.78571319580078,114.28571319580078,111.67857360839844,113.14286041259766,192796,,NSE
CUMMINSIND,2006-01-02,113.14286041259766,116.85713958740234,107.14286041259766,115.35713958740234,240242,,NSE
CUMMINSIND,2006-01-03,116.03571319580078,118.57142639160156,115.71428680419922,117.85713958740234,399845,,NSE
CUMMINSIND,2006-01-04,118.03571319580078,120.0,116.42857360839844,118.82142639160156,449820,,NSE
CUMMINSIND,2006-01-05,113.07142639160156,119.92857360839844,108.75,118.85713958740234,243944,,NSE
CUMMINSIND,2006-01-06,119.60713958740234,121.78571319580078,118.85713958740234,121.21428680419922,361538,,NSE
CUMMINSIND,2006-01-09,121.42857360839844,123.17857360839844,121.14286041259766,121.92857360839844,438130,,NSE
CUMMINSIND,2006-01-10,122.42857360839844,122.42857360839844,119.71428680419922,120.35713958740234,240690,,NSE
CUMMINSIND,2006-01-12,120.28571319580078,121.03571319580078,118.21428680419922,119.35713958740234,159895,,NSE
CUMMINSIND,2006-01-13,121.03571319580078,122.53571319580078,119.0,119.42857360839844,244480,,NSE
CUMMINSIND,2006-01-16,120.0,120.32142639160156,117.85713958740234,118.03571319580078,86732,,NSE
CUMMINSIND,2006-01-17,119.28571319580078,120.0,113.25,114.39286041259766,168564,,NSE
CUMMINSIND,2006-01-18,114.35713958740234,114.64286041259766,111.85713958740234,113.60713958740234,188634,,NSE
CUMMINSIND,2006-01-19,114.96428680419922,118.07142639160156,114.28571319580078,117.14286041259766,144641,,NSE
CUMMINSIND,2006-01-20,119.14286041259766,120.5,116.5,119.0,307258,,NSE
CUMMINSIND,2006-01-23,118.57142639160156,118.92857360839844,116.5,117.42857360839844,134625,,NSE
CUMMINSIND,2006-01-24,117.85713958740234,119.92857360839844,117.14286041259766,118.60713958740234,242296,,NSE
CUMMINSIND,2006-01-25,119.92857360839844,119.92857360839844,114.64286041259766,116.25,914921,,NSE
CUMMINSIND,2006-01-27,116.25,130.2857208251953,116.25,127.46428680419922,2305191,,NSE
CUMMINSIND,2006-01-30,128.32142639160156,130.0,123.57142639160156,124.53571319580078,677357,,NSE
CUMMINSIND,2006-01-31,125.32142639160156,129.2857208251953,125.21428680419922,126.78571319580078,810612,,NSE
CUMMINSIND,2006-02-01,133.85714721679688,150.5,127.85713958740234,142.60714721679688,13333840,,NSE
CUMMINSIND,2006-02-02,145.32142639160156,154.67857360839844,143.57142639160156,149.5357208251953,11251930,,NSE
CUMMINSIND,2006-02-03,151.42857360839844,156.57142639160156,148.2142791748047,153.39285278320312,9153415,,NSE
CUMMINSIND,2006-02-06,155.67857360839844,156.35714721679688,150.7142791748047,152.0357208251953,2956457,,NSE
CUMMINSIND,2006-02-07,152.14285278320312,154.82142639160156,149.85714721679688,151.32142639160156,1430083,,NSE
CUMMINSIND,2006-02-08,152.07142639160156,164.2142791748047,149.2857208251953,162.5,6843755,,NSE
CUMMINSIND,2006-02-10,164.2857208251953,166.32142639160156,158.32142639160156,160.0357208251953,5203367,,NSE
CUMMINSIND,2006-02-13,161.42857360839844,161.7142791748047,155.7857208251953,157.4642791748047,2837752,,NSE
CUMMINSIND,2006-02-14,156.82142639160156,161.57142639160156,155.07142639160156,156.25,1946848,,NSE
CUMMINSIND,2006-02-15,157.7142791748047,164.5357208251953,156.42857360839844,163.25,4834260,,NSE
CUMMINSIND,2006-02-16,164.2857208251953,167.7142791748047,160.14285278320312,160.92857360839844,3096332,,NSE
CUMMINSIND,2006-02-17,161.42857360839844,162.2142791748047,155.4642791748047,156.5357208251953,1583446,,NSE
CUMMINSIND,2006-02-20,157.42857360839844,157.42857360839844,151.5,155.7142791748047,1100303,,NSE
CUMMINSIND,2006-02-21,155.75,160.0,155.14285278320312,157.5,1344004,,NSE
CUMMINSIND,2006-02-22,158.2142791748047,159.64285278320312,154.4642791748047,155.17857360839844,1067203,,NSE
CUMMINSIND,2006-02-23,156.07142639160156,159.64285278320312,154.2142791748047,156.17857360839844,2335288,,NSE
CUMMINSIND,2006-02-24,157.85714721679688,160.2857208251953,156.4642791748047,159.35714721679688,1377118,,NSE
CUMMINSIND,2006-02-27,160.7142791748047,162.42857360839844,157.85714721679688,159.39285278320312,1163738,,NSE
CUMMINSIND,2006-02-28,159.57142639160156,162.2857208251953,155.17857360839844,161.17857360839844,921337,,NSE
CUMMINSIND,2006-03-01,161.39285278320312,175.0,160.0,172.0357208251953,3189060,,NSE
CUMMINSIND,2006-03-02,173.0,176.2857208251953,169.4642791748047,171.7857208251953,2887480,,NSE
CUMMINSIND,2006-03-03,172.39285278320312,174.60714721679688,171.07142639160156,173.2857208251953,1266148,,NSE
CUMMINSIND,2006-03-06,173.85714721679688,180.2857208251953,173.57142639160156,177.14285278320312,1279013,,NSE
CUMMINSIND,2006-03-07,177.7857208251953,188.85714721679688,176.7857208251953,186.67857360839844,2987773,,NSE
CUMMINSIND,2006-03-08,187.14285278320312,191.7142791748047,176.60714721679688,178.0357208251953,3858505,,NSE
CUMMINSIND,2006-03-09,180.85714721679688,184.14285278320312,173.92857360839844,182.92857360839844,2517545,,NSE
CUMMINSIND,2006-03-10,184.85714721679688,186.2857208251953,180.7142791748047,182.39285278320312,2163485,,NSE
CUMMINSIND,2006-03-13,183.7857208251953,187.2857208251953,180.7142791748047,185.4642791748047,3080516,,NSE
CUMMINSIND,2006-03-14,186.42857360839844,187.75,180.39285278320312,181.4642791748047,1451662,,NSE
CUMMINSIND,2006-03-16,183.14285278320312,184.57142639160156,180.5357208251953,181.39285278320312,1310509,,NSE
CUMMINSIND,2006-03-17,181.42857360839844,183.5,177.5,178.82142639160156,1167013,,NSE
CUMMINSIND,2006-03-20,179.2857208251953,181.60714721679688,176.7857208251953,177.7857208251953,562730,,NSE
CUMMINSIND,2006-03-21,178.7857208251953,181.39285278320312,174.64285278320312,177.2857208251953,1248364,,NSE
CUMMINSIND,2006-03-22,177.64285278320312,178.7857208251953,171.07142639160156,172.35714721679688,1112172,,NSE
CUMMINSIND,2006-03-23,173.7857208251953,175.67857360839844,167.64285278320312,169.17857360839844,1556389,,NSE
CUMMINSIND,2006-03-24,167.60714721679688,173.7857208251953,167.60714721679688,171.4642791748047,2472261,,NSE
CUMMINSIND,2006-03-27,172.85714721679688,175.0,171.89285278320312,173.17857360839844,837610,,NSE
CUMMINSIND,2006-03-28,174.2142791748047,174.2142791748047,166.85714721679688,168.5357208251953,1056973,,NSE
CUMMINSIND,2006-03-29,168.57142639160156,169.2857208251953,165.7142791748047,166.42857360839844,1207931,,NSE
CUMMINSIND,2006-03-30,167.25,173.17857360839844,165.0,167.5357208251953,4114293,,NSE
CUMMINSIND,2006-03-31,169.25,174.64285278320312,167.85714721679688,170.0357208251953,2646390,,NSE
CUMMINSIND,2006-04-03,172.14285278320312,179.60714721679688,171.7142791748047,177.5357208251953,2680703,,NSE
CUMMINSIND,2006-04-04,180.0,182.42857360839844,177.32142639160156,180.2142791748047,4077959,,NSE
CUMMINSIND,2006-04-05,180.7142791748047,184.42857360839844,180.42857360839844,182.67857360839844,2014259,,NSE
CUMMINSIND,2006-04-07,183.7857208251953,185.89285278320312,172.85714721679688,176.39285278320312,1770682,,NSE
CUMMINSIND,2006-04-10,176.64285278320312,179.2857208251953,168.57142639160156,176.92857360839844,647024,,NSE
CUMMINSIND,2006-04-12,177.14285278320312,180.39285278320312,171.5357208251953,172.85714721679688,1305855,,NSE
CUMMINSIND,2006-04-13,173.5,173.5,151.64285278320312,162.7142791748047,1552488,,NSE
CUMMINSIND,2006-04-17,164.92857360839844,169.25,161.5357208251953,167.4642791748047,922049,,NSE
CUMMINSIND,2006-04-18,169.2857208251953,169.82142639160156,165.7142791748047,167.7142791748047,356766,,NSE
CUMMINSIND,2006-04-19,169.85714721679688,170.5357208251953,163.2857208251953,165.5,661626,,NSE
CUMMINSIND,2006-04-20,164.64285278320312,175.0,164.57142639160156,174.25,1088899,,NSE
CUMMINSIND,2006-04-21,175.07142639160156,176.0,167.89285278320312,170.4642791748047,901605,,NSE
CUMMINSIND,2006-04-24,170.7142791748047,173.89285278320312,168.92857360839844,170.75,397801,,NSE
CUMMINSIND,2006-04-25,171.2857208251953,171.2857208251953,164.4642791748047,165.25,312771,,NSE
CUMMINSIND,2006-04-26,166.07142639160156,168.5,163.0,167.07142639160156,486530,,NSE
CUMMINSIND,2006-04-27,167.7142791748047,169.57142639160156,158.2857208251953,160.14285278320312,1849302,,NSE
CUMMINSIND,2006-04-28,158.57142639160156,162.64285278320312,145.7142791748047,161.42857360839844,784215,,NSE
CUMMINSIND,2006-05-02,166.0,171.7142791748047,165.75,169.5,730461,,NSE
CUMMINSIND,2006-05-03,142.89285278320312,173.2142791748047,142.89285278320312,170.2142791748047,593013,,NSE
CUMMINSIND,2006-05-04,174.17857360839844,174.17857360839844,167.35714721679688,170.0,645267,,NSE
CUMMINSIND,2006-05-05,171.07142639160156,171.07142639160156,166.85714721679688,169.07142639160156,247557,,NSE
CUMMINSIND,2006-05-08,170.2857208251953,172.2857208251953,167.92857360839844,169.2142791748047,296781,,NSE
CUMMINSIND,2006-05-09,167.42857360839844,170.35714721679688,166.60714721679688,168.39285278320312,334335,,NSE
CUMMINSIND,2006-05-10,168.75,169.64285278320312,165.7142791748047,166.2142791748047,169135,,NSE
CUMMINSIND,2006-05-11,167.42857360839844,168.92857360839844,164.67857360839844,166.35714721679688,355836,,NSE
CUMMINSIND,2006-05-12,162.25,165.0,160.7857208251953,162.0357208251953,214125,,NSE
CUMMINSIND,2006-05-15,162.17857360839844,163.39285278320312,150.07142639160156,153.64285278320312,927700,,NSE
CUMMINSIND,2006-05-16,154.0,155.64285278320312,128.7142791748047,151.17857360839844,1645197,,NSE
CUMMINSIND,2006-05-17,153.57142639160156,157.85714721679688,153.57142639160156,155.75,275882,,NSE
CUMMINSIND,2006-05-18,155.7857208251953,155.7857208251953,139.4642791748047,142.64285278320312,1539732,,NSE
CUMMINSIND,2006-05-19,144.64285278320312,150.0,127.17857360839844,131.64285278320312,1636600,,NSE
CUMMINSIND,2006-05-22,134.2857208251953,135.5,100.71428680419922,125.17857360839844,4292912,,NSE
CUMMINSIND,2006-05-23,141.42857360839844,141.42857360839844,113.57142639160156,131.92857360839844,1847575,,NSE
CUMMINSIND,2006-05-24,134.7857208251953,140.7142791748047,127.14286041259766,135.7142791748047,2118314,,NSE
CUMMINSIND,2006-05-25,135.67857360839844,136.7857208251953,126.07142639160156,133.32142639160156,1323849,,NSE
CUMMINSIND,2006-05-26,137.14285278320312,140.7142791748047,130.7857208251953,133.64285278320312,549019,,NSE
CUMMINSIND,2006-05-29,135.57142639160156,137.07142639160156,133.92857360839844,135.14285278320312,284104,,NSE
CUMMINSIND,2006-05-30,135.35714721679688,137.85714721679688,130.7142791748047,132.10714721679688,275027,,NSE
CUMMINSIND,2006-05-31,130.7142791748047,137.5,121.42857360839844,133.0357208251953,770918,,NSE
CUMMINSIND,2006-06-01,134.2857208251953,139.2857208251953,123.32142639160156,125.78571319580078,293979,,NSE
CUMMINSIND,2006-06-02,125.78571319580078,133.85714721679688,119.57142639160156,132.0,635748,,NSE
CUMMINSIND,2006-06-05,135.7142791748047,137.42857360839844,130.7142791748047,131.5,466351,,NSE
CUMMINSIND,2006-06-06,129.92857360839844,132.07142639160156,122.28571319580078,129.75,714523,,NSE
CUMMINSIND,2006-06-07,127.42857360839844,130.64285278320312,119.35713958740234,122.57142639160156,881286,,NSE
CUMMINSIND,2006-06-08,120.35713958740234,121.42857360839844,107.64286041259766,116.64286041259766,1012929,,NSE
CUMMINSIND,2006-06-09,117.14286041259766,129.57142639160156,108.21428680419922,127.75,943619,,NSE
CUMMINSIND,2006-06-12,127.85713958740234,128.57142639160156,123.03571319580078,125.14286041259766,506317,,NSE
CUMMINSIND,2006-06-13,122.85713958740234,122.85713958740234,114.32142639160156,116.85713958740234,390251,,NSE
CUMMINSIND,2006-06-14,120.07142639160156,122.82142639160156,107.92857360839844,109.85713958740234,685468,,NSE
CUMMINSIND,2006-06-15,113.85713958740234,117.82142639160156,110.71428680419922,116.60713958740234,1128996,,NSE
CUMMINSIND,2006-06-16,119.07142639160156,124.28571319580078,115.03571319580078,117.03571319580078,1611801,,NSE
CUMMINSIND,2006-06-19,120.0,122.5,115.71428680419922,121.0,266970,,NSE
CUMMINSIND,2006-06-20,120.0,124.21428680419922,117.17857360839844,121.03571319580078,320024,,NSE
CUMMINSIND,2006-06-21,120.71428680419922,124.92857360839844,120.07142639160156,124.03571319580078,295603,,NSE
CUMMINSIND,2006-06-22,126.60713958740234,132.14285278320312,125.71428680419922,130.7857208251953,658379,,NSE
CUMMINSIND,2006-06-23,129.2857208251953,132.0357208251953,127.14286041259766,130.85714721679688,491722,,NSE
CUMMINSIND,2006-06-26,130.85714721679688,132.14285278320312,121.92857360839844,125.14286041259766,566853,,NSE
CUMMINSIND,2006-06-27,127.14286041259766,127.14286041259766,119.64286041259766,124.42857360839844,468599,,NSE
CUMMINSIND,2006-06-28,121.82142639160156,132.5,120.0,130.42857360839844,1094258,,NSE
CUMMINSIND,2006-06-29,132.85714721679688,135.7142791748047,127.32142639160156,133.07142639160156,2081083,,NSE
CUMMINSIND,2006-06-30,134.57142639160156,139.67857360839844,133.92857360839844,136.10714721679688,1259885,,NSE
CUMMINSIND,2006-07-03,137.85714721679688,138.2142791748047,133.75,134.67857360839844,367675,,NSE
CUMMINSIND,2006-07-04,136.07142639160156,139.2857208251953,134.5,135.32142639160156,523072,,NSE
CUMMINSIND,2006-07-05,135.2857208251953,136.7857208251953,134.0,135.25,264049,,NSE
CUMMINSIND,2006-07-06,134.2857208251953,134.92857360839844,132.2142791748047,133.42857360839844,294166,,NSE
CUMMINSIND,2006-07-07,135.0,137.92857360839844,125.78571319580078,127.75,535063,,NSE
CUMMINSIND,2006-07-10,127.75,130.7142791748047,125.0,129.92857360839844,309437,,NSE
CUMMINSIND,2006-07-11,129.2857208251953,130.0,124.96428680419922,126.03571319580078,215045,,NSE
CUMMINSIND,2006-07-12,122.14286041259766,127.71428680419922,122.14286041259766,127.14286041259766,225933,,NSE
CUMMINSIND,2006-07-13,127.21428680419922,128.57142639160156,125.89286041259766,126.53571319580078,87936,,NSE
CUMMINSIND,2006-07-14,125.71428680419922,125.85713958740234,122.42857360839844,125.03571319580078,127800,,NSE
CUMMINSIND,2006-07-17,124.28571319580078,124.85713958740234,118.57142639160156,119.67857360839844,485146,,NSE
CUMMINSIND,2006-07-18,120.0,124.64286041259766,117.85713958740234,123.39286041259766,530651,,NSE
CUMMINSIND,2006-07-19,126.42857360839844,127.78571319580078,118.92857360839844,120.71428680419922,979395,,NSE
CUMMINSIND,2006-07-20,120.0,124.89286041259766,118.96428680419922,119.85713958740234,366836,,NSE
CUMMINSIND,2006-07-21,119.28571319580078,120.64286041259766,115.92857360839844,116.82142639160156,153967,,NSE
CUMMINSIND,2006-07-24,115.71428680419922,116.60713958740234,112.85713958740234,115.28571319580078,110481,,NSE
CUMMINSIND,2006-07-25,117.85713958740234,119.92857360839844,115.92857360839844,119.17857360839844,431124,,NSE
CUMMINSIND,2006-07-26,117.85713958740234,124.46428680419922,117.5,123.71428680419922,587311,,NSE
CUMMINSIND,2006-07-27,125.42857360839844,140.14285278320312,124.28571319580078,138.5357208251953,3248238,,NSE
CUMMINSIND,2006-07-28,139.85714721679688,141.0,133.60714721679688,136.07142639160156,1917244,,NSE
CUMMINSIND,2006-07-31,137.25,144.57142639160156,136.07142639160156,139.2142791748047,1970003,,NSE
CUMMINSIND,2006-08-01,138.57142639160156,139.9642791748047,132.5357208251953,136.7857208251953,724439,,NSE
CUMMINSIND,2006-08-02,135.0,141.7142791748047,134.4642791748047,140.2857208251953,1122142,,NSE
CUMMINSIND,2006-08-03,142.14285278320312,144.42857360839844,134.2857208251953,138.42857360839844,1390821,,NSE
CUMMINSIND,2006-08-04,139.2857208251953,140.2857208251953,135.2857208251953,136.39285278320312,303714,,NSE
CUMMINSIND,2006-08-07,137.5,137.5,134.35714721679688,135.17857360839844,221734,,NSE
CUMMINSIND,2006-08-08,135.82142639160156,140.64285278320312,135.7857208251953,138.0,584556,,NSE
CUMMINSIND,2006-08-09,136.42857360839844,141.35714721679688,136.42857360839844,138.39285278320312,926702,,NSE
CUMMINSIND,2006-08-10,138.39285278320312,145.14285278320312,138.39285278320312,143.75,2170583,,NSE
CUMMINSIND,2006-08-11,145.7142791748047,150.25,145.7142791748047,147.5,1926156,,NSE
CUMMINSIND,2006-08-14,149.7857208251953,149.7857208251953,147.85714721679688,148.42857360839844,365743,,NSE
CUMMINSIND,2006-08-16,148.57142639160156,151.42857360839844,146.42857360839844,147.2857208251953,581107,,NSE
CUMMINSIND,2006-08-17,147.42857360839844,149.07142639160156,143.57142639160156,145.64285278320312,259824,,NSE
CUMMINSIND,2006-08-18,146.92857360839844,147.85714721679688,144.67857360839844,145.89285278320312,370315,,NSE
CUMMINSIND,2006-08-21,148.5357208251953,149.5,142.85714721679688,147.25,775898,,NSE
CUMMINSIND,2006-08-22,148.57142639160156,152.42857360839844,148.0357208251953,148.75,1401101,,NSE
CUMMINSIND,2006-08-23,149.2857208251953,149.7857208251953,143.2142791748047,144.89285278320312,512190,,NSE
CUMMINSIND,2006-08-24,144.14285278320312,148.2142791748047,142.85714721679688,147.14285278320312,412767,,NSE
CUMMINSIND,2006-08-25,148.2142791748047,154.92857360839844,147.57142639160156,152.7857208251953,1593044,,NSE
CUMMINSIND,2006-08-28,156.14285278320312,156.14285278320312,151.4642791748047,152.25,1200015,,NSE
CUMMINSIND,2006-08-29,153.42857360839844,154.4642791748047,150.89285278320312,152.07142639160156,537411,,NSE
CUMMINSIND,2006-08-30,153.5,154.2142791748047,151.7857208251953,152.32142639160156,487319,,NSE
CUMMINSIND,2006-08-31,153.57142639160156,153.57142639160156,147.92857360839844,150.5,1029172,,NSE
CUMMINSIND,2006-09-01,150.0,152.85714721679688,149.67857360839844,151.4642791748047,262124,,NSE
CUMMINSIND,2006-09-04,152.85714721679688,158.07142639160156,152.14285278320312,157.35714721679688,931149,,NSE
CUMMINSIND,2006-09-05,158.57142639160156,158.57142639160156,154.67857360839844,156.07142639160156,743856,,NSE
CUMMINSIND,2006-09-06,154.2857208251953,157.85714721679688,154.2857208251953,156.67857360839844,587104,,NSE
CUMMINSIND,2006-09-07,156.2857208251953,156.7857208251953,154.2857208251953,155.5,345650,,NSE
CUMMINSIND,2006-09-08,155.64285278320312,156.7857208251953,154.17857360839844,154.92857360839844,240125,,NSE
CUMMINSIND,2006-09-11,156.42857360839844,160.35714721679688,143.25,145.42857360839844,1519810,,NSE
CUMMINSIND,2006-09-12,145.0357208251953,148.85714721679688,140.7857208251953,147.89285278320312,931439,,NSE
CUMMINSIND,2006-09-13,150.0,154.64285278320312,148.92857360839844,153.60714721679688,631412,,NSE
CUMMINSIND,2006-09-14,154.2857208251953,156.39285278320312,151.17857360839844,152.0,859684,,NSE
CUMMINSIND,2006-09-15,152.0,153.9642791748047,150.2857208251953,152.67857360839844,347473,,NSE
CUMMINSIND,2006-09-18,153.57142639160156,160.7142791748047,153.2142791748047,159.67857360839844,1510125,,NSE
CUMMINSIND,2006-09-19,162.0,162.0,151.42857360839844,153.32142639160156,613961,,NSE
CUMMINSIND,2006-09-20,150.0357208251953,156.9642791748047,150.0357208251953,156.25,245091,,NSE
CUMMINSIND,2006-09-21,157.85714721679688,158.14285278320312,155.7857208251953,156.60714721679688,336739,,NSE
CUMMINSIND,2006-09-22,156.57142639160156,159.85714721679688,153.75,158.7142791748047,701471,,NSE
CUMMINSIND,2006-09-25,155.7142791748047,159.2857208251953,155.07142639160156,155.75,241617,,NSE
CUMMINSIND,2006-09-26,154.2857208251953,157.14285278320312,154.2857208251953,154.82142639160156,124870,,NSE
CUMMINSIND,2006-09-27,156.2857208251953,157.82142639160156,153.7857208251953,154.17857360839844,467163,,NSE
CUMMINSIND,2006-09-28,155.0,157.07142639160156,152.2142791748047,155.7857208251953,232300,,NSE
CUMMINSIND,2006-09-29,157.14285278320312,165.0,155.7142791748047,163.85714721679688,909020,,NSE
CUMMINSIND,2006-10-03,165.0,166.2857208251953,161.82142639160156,163.5357208251953,650672,,NSE
CUMMINSIND,2006-10-04,163.5357208251953,167.32142639160156,162.17857360839844,166.32142639160156,437395,,NSE
CUMMINSIND,2006-10-05,167.85714721679688,174.32142639160156,166.64285278320312,173.39285278320312,1075425,,NSE
CUMMINSIND,2006-10-06,173.92857360839844,175.0,170.0,172.5357208251953,683734,,NSE
CUMMINSIND,2006-10-09,164.2857208251953,177.14285278320312,164.2857208251953,175.07142639160156,552287,,NSE
CUMMINSIND,2006-10-10,177.07142639160156,177.07142639160156,174.35714721679688,175.32142639160156,426412,,NSE
CUMMINSIND,2006-10-11,176.42857360839844,176.42857360839844,169.5,171.85714721679688,431223,,NSE
CUMMINSIND,2006-10-12,171.42857360839844,176.42857360839844,169.2857208251953,175.67857360839844,489881,,NSE
CUMMINSIND,2006-10-13,177.10714721679688,178.35714721679688,174.10714721679688,174.7857208251953,315568,,NSE
CUMMINSIND,2006-10-16,174.7857208251953,176.7857208251953,172.14285278320312,173.14285278320312,395337,,NSE
CUMMINSIND,2006-10-17,172.2142791748047,173.5,169.2857208251953,170.0,783574,,NSE
CUMMINSIND,2006-10-18,168.57142639160156,180.2857208251953,168.57142639160156,179.10714721679688,1742526,,NSE
CUMMINSIND,2006-10-19,180.7142791748047,181.9642791748047,173.07142639160156,174.4642791748047,1145456,,NSE
CUMMINSIND,2006-10-20,175.0,176.82142639160156,172.7857208251953,174.42857360839844,916099,,NSE
CUMMINSIND,2006-10-23,174.17857360839844,174.17857360839844,168.75,171.35714721679688,399246,,NSE
CUMMINSIND,2006-10-26,171.42857360839844,177.7857208251953,167.0,172.2142791748047,1388370,,NSE
CUMMINSIND,2006-10-27,173.57142639160156,183.35714721679688,173.25,182.2857208251953,764915,,NSE
CUMMINSIND,2006-10-30,182.85714721679688,182.85714721679688,177.5,178.75,645636,,NSE
CUMMINSIND,2006-10-31,183.57142639160156,195.0,180.82142639160156,191.42857360839844,5143559,,NSE
CUMMINSIND,2006-11-01,193.5,196.32142639160156,187.85714721679688,188.5,1027758,,NSE
CUMMINSIND,2006-11-02,187.7857208251953,197.07142639160156,187.7857208251953,195.14285278320312,2324595,,NSE
CUMMINSIND,2006-11-03,197.0357208251953,197.0357208251953,190.75,193.10714721679688,1085215,,NSE
CUMMINSIND,2006-11-06,195.07142639160156,196.2142791748047,189.39285278320312,191.89285278320312,794467,,NSE
CUMMINSIND,2006-11-07,192.2857208251953,198.35714721679688,191.14285278320312,193.0,901416,,NSE
CUMMINSIND,2006-11-08,194.92857360839844,202.64285278320312,190.0357208251953,198.39285278320312,2185857,,NSE
CUMMINSIND,2006-11-09,207.14285278320312,209.64285278320312,200.07142639160156,204.64285278320312,3752887,,NSE
CUMMINSIND,2006-11-10,205.7142791748047,206.32142639160156,201.07142639160156,202.82142639160156,746921,,NSE
CUMMINSIND,2006-11-13,203.35714721679688,207.42857360839844,201.4642791748047,205.5357208251953,1419544,,NSE
CUMMINSIND,2006-11-14,205.7142791748047,207.14285278320312,200.17857360839844,201.60714721679688,494643,,NSE
CUMMINSIND,2006-11-15,202.82142639160156,203.5,199.32142639160156,200.0,685703,,NSE
CUMMINSIND,2006-11-16,198.57142639160156,203.42857360839844,197.89285278320312,199.67857360839844,576472,,NSE
CUMMINSIND,2006-11-17,199.75,201.67857360839844,192.85714721679688,195.67857360839844,632949,,NSE
CUMMINSIND,2006-11-20,191.89285278320312,192.85714721679688,183.57142639160156,191.32142639160156,453905,,NSE
CUMMINSIND,2006-11-21,192.39285278320312,197.07142639160156,190.39285278320312,192.9642791748047,444416,,NSE
CUMMINSIND,2006-11-22,195.60714721679688,202.42857360839844,192.35714721679688,201.57142639160156,1959923,,NSE
CUMMINSIND,2006-11-23,203.7142791748047,205.57142639160156,199.7142791748047,200.85714721679688,949480,,NSE
CUMMINSIND,2006-11-24,202.67857360839844,203.42857360839844,198.57142639160156,199.25,545426,,NSE
CUMMINSIND,2006-11-27,201.42857360839844,201.42857360839844,196.7857208251953,199.07142639160156,277786,,NSE
CUMMINSIND,2006-11-28,198.57142639160156,199.25,194.39285278320312,196.85714721679688,165680,,NSE
CUMMINSIND,2006-11-29,199.2857208251953,200.2142791748047,196.57142639160156,197.89285278320312,248682,,NSE
CUMMINSIND,2006-11-30,201.42857360839844,201.42857360839844,193.60714721679688,195.39285278320312,1558029,,NSE
CUMMINSIND,2006-12-01,198.57142639160156,203.4642791748047,197.92857360839844,202.10714721679688,461276,,NSE
CUMMINSIND,2006-12-04,202.57142639160156,204.2142791748047,198.60714721679688,200.4642791748047,440662,,NSE
CUMMINSIND,2006-12-05,202.14285278320312,203.14285278320312,196.5,197.2142791748047,608347,,NSE
CUMMINSIND,2006-12-06,197.7857208251953,198.2142791748047,192.17857360839844,193.5357208251953,461252,,NSE
CUMMINSIND,2006-12-07,193.57142639160156,197.60714721679688,189.39285278320312,197.0,411493,,NSE
CUMMINSIND,2006-12-08,197.57142639160156,200.35714721679688,194.2857208251953,198.5357208251953,970774,,NSE
CUMMINSIND,2006-12-11,198.42857360839844,198.42857360839844,185.0,192.60714721679688,1109602,,NSE
CUMMINSIND,2006-12-12,190.7142791748047,192.64285278320312,171.07142639160156,178.92857360839844,952659,,NSE
CUMMINSIND,2006-12-13,181.39285278320312,187.85714721679688,175.7857208251953,185.5,448950,,NSE
CUMMINSIND,2006-12-14,187.7857208251953,189.2857208251953,180.82142639160156,187.64285278320312,1278886,,NSE
CUMMINSIND,2006-12-15,189.17857360839844,195.39285278320312,187.35714721679688,189.39285278320312,1589463,,NSE
CUMMINSIND,2006-12-18,193.92857360839844,195.64285278320312,186.4642791748047,190.4642791748047,511180,,NSE
CUMMINSIND,2006-12-19,190.0,194.2142791748047,185.39285278320312,186.25,324984,,NSE
CUMMINSIND,2006-12-20,189.14285278320312,189.14285278320312,183.2857208251953,185.7142791748047,252182,,NSE
CUMMINSIND,2006-12-21,186.10714721679688,188.2142791748047,179.32142639160156,185.57142639160156,119253,,NSE
CUMMINSIND,2006-12-22,185.7142791748047,191.32142639160156,185.39285278320312,189.67857360839844,187944,,NSE
CUMMINSIND,2006-12-26,190.7857208251953,193.57142639160156,187.17857360839844,192.67857360839844,273898,,NSE
CUMMINSIND,2006-12-27,192.85714721679688,195.7142791748047,192.17857360839844,194.0357208251953,182802,,NSE
CUMMINSIND,2006-12-28,193.57142639160156,196.25,190.89285278320312,191.92857360839844,873986,,NSE
CUMMINSIND,2006-12-29,193.35714721679688,199.2857208251953,191.39285278320312,197.5357208251953,572054,,NSE
CUMMINSIND,2007-01-02,199.92857360839844,205.2142791748047,199.2857208251953,201.7142791748047,370168,,NSE
CUMMINSIND,2007-01-03,202.82142639160156,203.57142639160156,197.85714721679688,199.60714721679688,498068,,NSE
CUMMINSIND,2007-01-04,201.42857360839844,201.42857360839844,195.07142639160156,195.57142639160156,410751,,NSE
CUMMINSIND,2007-01-05,195.35714721679688,197.85714721679688,192.85714721679688,193.64285278320312,336397,,NSE
CUMMINSIND,2007-01-08,192.92857360839844,194.07142639160156,187.85714721679688,190.2142791748047,238978,,NSE
CUMMINSIND,2007-01-09,189.2857208251953,192.85714721679688,185.85714721679688,187.57142639160156,272140,,NSE
CUMMINSIND,2007-01-10,187.85714721679688,189.2857208251953,185.07142639160156,185.75,206285,,NSE
CUMMINSIND,2007-01-11,186.42857360839844,192.5357208251953,185.7142791748047,191.17857360839844,299300,,NSE
CUMMINSIND,2007-01-12,192.17857360839844,197.2857208251953,191.7857208251953,196.0357208251953,252586,,NSE
CUMMINSIND,2007-01-15,195.0,200.7142791748047,193.92857360839844,198.89285278320312,379124,,NSE
CUMMINSIND,2007-01-16,199.57142639160156,201.2857208251953,197.89285278320312,199.9642791748047,325578,,NSE
CUMMINSIND,2007-01-17,201.0,202.14285278320312,195.7142791748047,197.60714721679688,462945,,NSE
CUMMINSIND,2007-01-18,199.92857360839844,200.35714721679688,194.35714721679688,198.67857360839844,380398,,NSE
CUMMINSIND,2007-01-19,198.85714721679688,200.5,194.67857360839844,195.92857360839844,102011,,NSE
CUMMINSIND,2007-01-22,197.64285278320312,200.64285278320312,196.07142639160156,197.25,242845,,NSE
CUMMINSIND,2007-01-23,197.5,197.5,192.85714721679688,193.60714721679688,286367,,NSE
CUMMINSIND,2007-01-24,194.2142791748047,195.5,191.57142639160156,193.39285278320312,207781,,NSE
CUMMINSIND,2007-01-25,194.89285278320312,202.07142639160156,192.5357208251953,200.32142639160156,2283845,,NSE
CUMMINSIND,2007-01-29,202.07142639160156,203.85714721679688,195.07142639160156,197.39285278320312,1839878,,NSE
CUMMINSIND,2007-01-31,197.85714721679688,198.5,193.32142639160156,194.7857208251953,438417,,NSE
CUMMINSIND,2007-02-01,194.35714721679688,197.14285278320312,192.85714721679688,194.60714721679688,680069,,NSE
CUMMINSIND,2007-02-02,196.35714721679688,200.7142791748047,195.35714721679688,198.89285278320312,765884,,NSE
CUMMINSIND,2007-02-05,202.85714721679688,204.2142791748047,200.07142639160156,200.7142791748047,1542702,,NSE
CUMMINSIND,2007-02-06,202.0,202.07142639160156,191.89285278320312,197.64285278320312,1251560,,NSE
CUMMINSIND,2007-02-07,197.85714721679688,203.57142639160156,196.5,200.64285278320312,586359,,NSE
CUMMINSIND,2007-02-08,202.14285278320312,216.7857208251953,200.7142791748047,214.7142791748047,4052798,,NSE
CUMMINSIND,2007-02-09,215.0357208251953,218.5357208251953,202.32142639160156,205.57142639160156,1567388,,NSE
CUMMINSIND,2007-02-12,203.2142791748047,204.2857208251953,194.2857208251953,196.42857360839844,801619,,NSE
CUMMINSIND,2007-02-13,195.7142791748047,204.4642791748047,190.5,193.67857360839844,804402,,NSE
CUMMINSIND,2007-02-14,192.14285278320312,199.92857360839844,189.42857360839844,197.64285278320312,887160,,NSE
CUMMINSIND,2007-02-15,200.7142791748047,211.42857360839844,200.07142639160156,209.07142639160156,499462,,NSE
CUMMINSIND,2007-02-19,212.07142639160156,212.14285278320312,202.2857208251953,204.14285278320312,415101,,NSE
CUMMINSIND,2007-02-20,203.57142639160156,204.2857208251953,196.42857360839844,197.57142639160156,450741,,NSE
CUMMINSIND,2007-02-21,196.42857360839844,200.7857208251953,195.7857208251953,197.4642791748047,508069,,NSE
CUMMINSIND,2007-02-22,199.9642791748047,199.9642791748047,189.67857360839844,193.42857360839844,1568616,,NSE
CUMMINSIND,2007-02-23,195.5,195.5,177.92857360839844,183.89285278320312,977027,,NSE
CUMMINSIND,2007-02-26,183.89285278320312,185.60714721679688,178.57142639160156,183.5,453390,,NSE
CUMMINSIND,2007-02-27,182.14285278320312,188.14285278320312,180.7142791748047,182.0357208251953,465710,,NSE
CUMMINSIND,2007-02-28,177.7857208251953,187.5,167.85714721679688,178.85714721679688,1095298,,NSE
CUMMINSIND,2007-03-01,179.7857208251953,187.82142639160156,175.0,183.0357208251953,277173,,NSE
CUMMINSIND,2007-03-02,185.35714721679688,189.5,177.2142791748047,179.39285278320312,281715,,NSE
CUMMINSIND,2007-03-05,146.42857360839844,177.14285278320312,146.42857360839844,171.5,389491,,NSE
CUMMINSIND,2007-03-06,178.57142639160156,191.42857360839844,172.35714721679688,176.25,361646,,NSE
CUMMINSIND,2007-03-07,185.0,185.0,165.10714721679688,171.42857360839844,351446,,NSE
CUMMINSIND,2007-03-08,171.42857360839844,181.42857360839844,166.5357208251953,181.14285278320312,401592,,NSE
CUMMINSIND,2007-03-09,183.57142639160156,183.57142639160156,172.35714721679688,175.7142791748047,187605,,NSE
CUMMINSIND,2007-03-12,174.2857208251953,181.0,174.2857208251953,178.67857360839844,99212,,NSE
CUMMINSIND,2007-03-13,180.7142791748047,184.2857208251953,178.57142639160156,183.5357208251953,206754,,NSE
CUMMINSIND,2007-03-14,178.7142791748047,182.07142639160156,173.82142639160156,180.4642791748047,409829,,NSE
CUMMINSIND,2007-03-15,180.7142791748047,185.7142791748047,180.0,180.07142639160156,110768,,NSE
CUMMINSIND,2007-03-16,180.0357208251953,182.17857360839844,177.0,179.17857360839844,295712,,NSE
CUMMINSIND,2007-03-19,180.07142639160156,182.85714721679688,179.2857208251953,182.17857360839844,109349,,NSE
CUMMINSIND,2007-03-20,182.17857360839844,185.7142791748047,182.17857360839844,184.39285278320312,188223,,NSE
CUMMINSIND,2007-03-21,185.7142791748047,187.7857208251953,183.92857360839844,186.42857360839844,384227,,NSE
CUMMINSIND,2007-03-22,188.17857360839844,191.10714721679688,187.2857208251953,189.32142639160156,375314,,NSE
CUMMINSIND,2007-03-23,191.42857360839844,193.57142639160156,188.2142791748047,192.10714721679688,434060,,NSE
CUMMINSIND,2007-03-26,192.92857360839844,192.92857360839844,187.92857360839844,188.57142639160156,41098,,NSE
CUMMINSIND,2007-03-28,187.5,189.92857360839844,184.42857360839844,188.75,148303,,NSE
CUMMINSIND,2007-03-29,187.92857360839844,189.2857208251953,181.07142639160156,182.9642791748047,727375,,NSE
CUMMINSIND,2007-03-30,183.57142639160156,190.07142639160156,183.57142639160156,189.14285278320312,215471,,NSE
CUMMINSIND,2007-04-02,185.7142791748047,187.07142639160156,181.14285278320312,182.7142791748047,225961,,NSE
CUMMINSIND,2007-04-03,178.60714721679688,188.5,178.60714721679688,184.67857360839844,152054,,NSE
CUMMINSIND,2007-04-04,184.67857360839844,192.85714721679688,184.67857360839844,187.5,133152,,NSE
CUMMINSIND,2007-04-05,186.5,196.42857360839844,186.5,193.7142791748047,428183,,NSE
CUMMINSIND,2007-04-09,194.2857208251953,199.2142791748047,193.64285278320312,195.17857360839844,389384,,NSE
CUMMINSIND,2007-04-10,196.42857360839844,196.42857360839844,192.85714721679688,193.85714721679688,156237,,NSE
CUMMINSIND,2007-04-11,196.0,196.7857208251953,192.57142639160156,196.07142639160156,528960,,NSE
CUMMINSIND,2007-04-12,193.0,195.7142791748047,192.89285278320312,193.7142791748047,81215,,NSE
CUMMINSIND,2007-04-13,194.92857360839844,208.07142639160156,194.2857208251953,207.2142791748047,781894,,NSE
CUMMINSIND,2007-04-16,208.57142639160156,212.5,205.7857208251953,206.92857360839844,642219,,NSE
CUMMINSIND,2007-04-17,208.39285278320312,209.10714721679688,198.57142639160156,199.89285278320312,651674,,NSE
CUMMINSIND,2007-04-18,202.0357208251953,205.7142791748047,201.42857360839844,204.2857208251953,562297,,NSE
CUMMINSIND,2007-04-19,200.07142639160156,203.5357208251953,198.64285278320312,200.10714721679688,217336,,NSE
CUMMINSIND,2007-04-20,200.7142791748047,204.89285278320312,197.2857208251953,199.7142791748047,311596,,NSE
CUMMINSIND,2007-04-23,205.64285278320312,205.64285278320312,199.32142639160156,202.42857360839844,291751,,NSE
CUMMINSIND,2007-04-24,201.42857360839844,206.7142791748047,199.2857208251953,205.7142791748047,220655,,NSE
CUMMINSIND,2007-04-25,205.7142791748047,211.35714721679688,203.2857208251953,207.9642791748047,181561,,NSE
CUMMINSIND,2007-04-26,210.64285278320312,210.7142791748047,203.2142791748047,205.42857360839844,760656,,NSE
CUMMINSIND,2007-04-27,205.7142791748047,207.82142639160156,201.5,203.60714721679688,136949,,NSE
CUMMINSIND,2007-04-30,202.14285278320312,220.92857360839844,201.42857360839844,216.82142639160156,527429,,NSE
CUMMINSIND,2007-05-03,220.7142791748047,226.07142639160156,218.57142639160156,222.75,835046,,NSE
CUMMINSIND,2007-05-04,224.7857208251953,224.7857208251953,218.7142791748047,220.07142639160156,197012,,NSE
CUMMINSIND,2007-05-07,221.57142639160156,222.85714721679688,216.07142639160156,217.57142639160156,220917,,NSE
CUMMINSIND,2007-05-08,214.2857208251953,221.0,207.2142791748047,209.42857360839844,223410,,NSE
CUMMINSIND,2007-05-09,207.14285278320312,219.7857208251953,207.14285278320312,218.10714721679688,236241,,NSE
CUMMINSIND,2007-05-10,226.7857208251953,226.7857208251953,215.10714721679688,217.82142639160156,348115,,NSE
CUMMINSIND,2007-05-11,213.92857360839844,220.42857360839844,207.89285278320312,218.67857360839844,208587,,NSE
CUMMINSIND,2007-05-14,222.07142639160156,228.42857360839844,218.64285278320312,224.89285278320312,1041170,,NSE
CUMMINSIND,2007-05-15,225.7142791748047,226.92857360839844,218.2142791748047,219.39285278320312,585884,,NSE
CUMMINSIND,2007-05-16,221.2142791748047,224.2857208251953,219.4642791748047,222.2142791748047,722255,,NSE
CUMMINSIND,2007-05-17,231.75,231.75,218.64285278320312,221.14285278320312,305795,,NSE
CUMMINSIND,2007-05-18,217.85714721679688,226.82142639160156,217.85714721679688,221.60714721679688,270254,,NSE
CUMMINSIND,2007-05-21,223.57142639160156,224.2857208251953,216.42857360839844,218.60714721679688,166654,,NSE
CUMMINSIND,2007-05-22,225.0,225.0,215.35714721679688,217.10714721679688,148435,,NSE
CUMMINSIND,2007-05-23,221.42857360839844,221.42857360839844,212.60714721679688,214.39285278320312,186978,,NSE
CUMMINSIND,2007-05-24,211.60714721679688,217.14285278320312,208.64285278320312,210.9642791748047,172586,,NSE
CUMMINSIND,2007-05-25,209.2857208251953,212.14285278320312,206.82142639160156,210.07142639160156,187605,,NSE
CUMMINSIND,2007-05-28,213.57142639160156,217.85714721679688,210.7142791748047,210.82142639160156,796223,,NSE
CUMMINSIND,2007-05-29,213.57142639160156,216.35714721679688,211.42857360839844,213.85714721679688,500833,,NSE
CUMMINSIND,2007-05-30,214.2857208251953,219.2857208251953,213.57142639160156,216.25,930094,,NSE
CUMMINSIND,2007-05-31,217.07142639160156,224.67857360839844,215.25,218.0,951468,,NSE
CUMMINSIND,2007-06-01,220.0,226.39285278320312,217.14285278320312,224.75,1504874,,NSE
CUMMINSIND,2007-06-04,225.0,227.67857360839844,215.7142791748047,216.75,690403,,NSE
CUMMINSIND,2007-06-05,216.42857360839844,227.07142639160156,215.89285278320312,224.2857208251953,1731084,,NSE
CUMMINSIND,2007-06-06,225.7857208251953,227.7857208251953,220.0357208251953,222.2142791748047,825752,,NSE
CUMMINSIND,2007-06-07,216.2142791748047,235.0,216.2142791748047,229.5,584738,,NSE
CUMMINSIND,2007-06-08,228.57142639160156,237.7857208251953,227.14285278320312,228.85714721679688,795825,,NSE
CUMMINSIND,2007-06-11,232.0357208251953,234.2857208251953,223.85714721679688,225.5357208251953,344022,,NSE
CUMMINSIND,2007-06-12,227.7857208251953,228.17857360839844,216.5357208251953,225.60714721679688,355503,,NSE
CUMMINSIND,2007-06-13,228.42857360839844,230.7857208251953,223.57142639160156,225.89285278320312,262637,,NSE
CUMMINSIND,2007-06-14,228.5,233.2142791748047,227.85714721679688,230.14285278320312,538707,,NSE
CUMMINSIND,2007-06-15,230.7857208251953,235.7142791748047,228.57142639160156,230.10714721679688,357268,,NSE
CUMMINSIND,2007-06-18,231.42857360839844,234.5,226.42857360839844,231.67857360839844,307360,,NSE
CUMMINSIND,2007-06-19,230.35714721679688,232.5,227.89285278320312,231.17857360839844,102837,,NSE
CUMMINSIND,2007-06-20,234.2142791748047,234.2142791748047,228.64285278320312,229.5357208251953,285514,,NSE
CUMMINSIND,2007-06-21,230.7142791748047,242.42857360839844,229.32142639160156,241.0357208251953,707411,,NSE
CUMMINSIND,2007-06-22,242.0,242.17857360839844,233.57142639160156,234.35714721679688,385471,,NSE
CUMMINSIND,2007-06-25,234.2857208251953,237.14285278320312,232.14285278320312,235.9642791748047,199756,,NSE
CUMMINSIND,2007-06-26,235.0,249.85714721679688,234.2857208251953,247.89285278320312,917425,,NSE
CUMMINSIND,2007-06-27,248.67857360839844,248.67857360839844,239.2857208251953,240.64285278320312,316913,,NSE
CUMMINSIND,2007-06-28,250.0,250.0,241.4642791748047,245.25,619638,,NSE
CUMMINSIND,2007-06-29,246.5,248.5357208251953,240.75,242.82142639160156,369376,,NSE
CUMMINSIND,2007-07-02,246.35714721679688,247.5,239.07142639160156,244.7857208251953,91744,,NSE
CUMMINSIND,2007-07-03,247.14285278320312,247.7857208251953,242.17857360839844,245.14285278320312,160651,,NSE
CUMMINSIND,2007-07-04,247.5,247.5,241.5357208251953,243.5357208251953,160581,,NSE
CUMMINSIND,2007-07-05,243.92857360839844,254.07142639160156,236.5,250.82142639160156,366329,,NSE
CUMMINSIND,2007-07-06,250.82142639160156,257.0,247.92857360839844,250.2142791748047,720515,,NSE
CUMMINSIND,2007-07-09,256.4285583496094,256.4285583496094,248.57142639160156,250.25,138660,,NSE
CUMMINSIND,2007-07-10,250.7857208251953,252.75,244.2857208251953,245.39285278320312,238067,,NSE
CUMMINSIND,2007-07-11,242.85714721679688,254.25,242.85714721679688,250.7857208251953,553243,,NSE
CUMMINSIND,2007-07-12,251.42857360839844,256.9285583496094,250.07142639160156,253.35714721679688,568912,,NSE
CUMMINSIND,2007-07-13,254.2857208251953,257.46429443359375,248.60714721679688,250.7142791748047,328042,,NSE
CUMMINSIND,2007-07-16,242.85714721679688,255.0,242.85714721679688,252.4642791748047,178131,,NSE
CUMMINSIND,2007-07-17,255.0,255.7142791748047,247.85714721679688,248.9642791748047,230830,,NSE
CUMMINSIND,2007-07-18,250.0,256.4285583496094,247.85714721679688,253.10714721679688,313912,,NSE
CUMMINSIND,2007-07-19,254.92857360839844,275.28570556640625,252.85714721679688,270.5714416503906,1313933,,NSE
CUMMINSIND,2007-07-20,275.0,275.6428527832031,263.6071472167969,267.6071472167969,481966,,NSE
CUMMINSIND,2007-07-23,264.1428527832031,287.8571472167969,264.1428527832031,280.6785583496094,407733,,NSE
CUMMINSIND,2007-07-24,283.6428527832031,284.9285583496094,270.1428527832031,274.21429443359375,368415,,NSE
CUMMINSIND,2007-07-25,273.5714416503906,281.78570556640625,267.5,273.5714416503906,509047,,NSE
CUMMINSIND,2007-07-26,282.1428527832031,287.78570556640625,272.4285583496094,275.25,1306337,,NSE
CUMMINSIND,2007-07-27,271.4285583496094,281.03570556640625,250.07142639160156,271.25,653639,,NSE
CUMMINSIND,2007-07-30,280.71429443359375,285.3571472167969,264.28570556640625,267.1428527832031,241315,,NSE
CUMMINSIND,2007-07-31,275.6428527832031,282.8571472167969,265.71429443359375,281.3928527832031,499863,,NSE
CUMMINSIND,2007-08-01,285.6428527832031,285.6428527832031,264.3214416503906,270.6785583496094,770861,,NSE
CUMMINSIND,2007-08-02,278.5714416503906,284.5714416503906,271.4285583496094,278.4285583496094,754283,,NSE
CUMMINSIND,2007-08-03,285.6428527832031,292.4285583496094,278.6428527832031,288.5714416503906,847718,,NSE
CUMMINSIND,2007-08-06,285.71429443359375,285.71429443359375,275.71429443359375,278.6428527832031,445116,,NSE
CUMMINSIND,2007-08-07,284.1428527832031,284.6785583496094,275.0,276.3214416503906,431240,,NSE
CUMMINSIND,2007-08-08,282.1428527832031,288.5714416503906,279.28570556640625,283.78570556640625,769195,,NSE
CUMMINSIND,2007-08-09,285.0,287.1428527832031,267.5,271.5714416503906,301464,,NSE
CUMMINSIND,2007-08-10,271.5714416503906,271.5714416503906,258.21429443359375,266.3214416503906,200641,,NSE
CUMMINSIND,2007-08-13,268.5714416503906,275.0,267.8571472167969,271.53570556640625,260930,,NSE
CUMMINSIND,2007-08-14,273.9285583496094,280.0,272.1428527832031,276.3214416503906,588942,,NSE
CUMMINSIND,2007-08-16,265.3571472167969,274.78570556640625,262.8928527832031,267.1071472167969,173390,,NSE
CUMMINSIND,2007-08-17,266.4285583496094,270.71429443359375,255.0,257.1785583496094,549085,,NSE
CUMMINSIND,2007-08-20,268.5714416503906,268.5714416503906,257.1428527832031,258.25,432426,,NSE
CUMMINSIND,2007-08-21,259.28570556640625,260.71429443359375,246.4642791748047,248.5,199528,,NSE
CUMMINSIND,2007-08-22,247.85714721679688,251.42857360839844,242.85714721679688,248.82142639160156,175921,,NSE
CUMMINSIND,2007-08-23,251.07142639160156,263.5714416503906,248.57142639160156,252.07142639160156,203117,,NSE
CUMMINSIND,2007-08-24,252.14285278320312,267.6428527832031,246.07142639160156,259.8571472167969,321024,,NSE
CUMMINSIND,2007-08-27,260.71429443359375,265.46429443359375,257.8571472167969,263.5,645034,,NSE
CUMMINSIND,2007-08-28,264.5714416503906,268.78570556640625,258.21429443359375,259.21429443359375,392266,,NSE
CUMMINSIND,2007-08-29,258.5714416503906,267.78570556640625,253.57142639160156,266.3571472167969,264133,,NSE
CUMMINSIND,2007-08-30,269.28570556640625,270.0,262.21429443359375,265.28570556640625,343351,,NSE
CUMMINSIND,2007-08-31,264.28570556640625,272.5,264.28570556640625,267.0,174970,,NSE
CUMMINSIND,2007-09-03,268.8214416503906,274.8214416503906,267.8571472167969,273.0,275013,,NSE
CUMMINSIND,2007-09-04,271.4285583496094,280.28570556640625,271.4285583496094,276.0,355497,,NSE
CUMMINSIND,2007-09-05,275.3571472167969,288.1785583496094,275.3571472167969,283.6071472167969,697699,,NSE
CUMMINSIND,2007-09-06,285.6428527832031,287.8214416503906,280.0714416503906,284.5714416503906,423784,,NSE
CUMMINSIND,2007-09-07,288.0714416503906,288.5714416503906,279.28570556640625,283.78570556640625,577334,,NSE
CUMMINSIND,2007-09-10,337.71429443359375,337.71429443359375,277.1785583496094,281.6071472167969,112882,,NSE
CUMMINSIND,2007-09-11,284.28570556640625,287.4285583496094,282.1428527832031,285.6071472167969,415482,,NSE
CUMMINSIND,2007-09-12,285.3571472167969,289.28570556640625,283.46429443359375,287.6071472167969,788872,,NSE
CUMMINSIND,2007-09-13,288.5714416503906,295.0,287.21429443359375,294.5,371891,,NSE
CUMMINSIND,2007-09-14,297.78570556640625,297.78570556640625,280.8214416503906,282.6428527832031,231823,,NSE
CUMMINSIND,2007-09-17,281.0714416503906,286.75,279.4285583496094,280.9285583496094,74211,,NSE
CUMMINSIND,2007-09-18,281.0,285.28570556640625,277.1428527832031,283.25,74719,,NSE
CUMMINSIND,2007-09-19,288.5714416503906,295.5714416503906,285.71429443359375,289.8214416503906,195909,,NSE
CUMMINSIND,2007-09-20,294.28570556640625,294.6428527832031,285.8214416503906,292.1071472167969,150666,,NSE
CUMMINSIND,2007-09-21,290.71429443359375,305.6428527832031,289.3571472167969,302.0,496237,,NSE
CUMMINSIND,2007-09-24,307.1428527832031,311.4285583496094,300.3928527832031,308.03570556640625,735940,,NSE
CUMMINSIND,2007-09-25,301.1428527832031,314.28570556640625,301.1428527832031,308.1428527832031,674168,,NSE
CUMMINSIND,2007-09-26,311.4285583496094,311.4285583496094,297.1428527832031,305.75,353768,,NSE
CUMMINSIND,2007-09-27,307.1428527832031,324.28570556640625,299.4285583496094,318.03570556640625,767216,,NSE
CUMMINSIND,2007-09-28,318.3571472167969,318.3571472167969,305.71429443359375,310.53570556640625,81813,,NSE
CUMMINSIND,2007-10-01,309.28570556640625,314.28570556640625,303.6428527832031,308.3571472167969,112261,,NSE
CUMMINSIND,2007-10-03,310.71429443359375,317.78570556640625,307.1785583496094,308.5714416503906,242216,,NSE
CUMMINSIND,2007-10-04,307.8571472167969,321.4285583496094,299.0,315.96429443359375,537251,,NSE
CUMMINSIND,2007-10-05,318.0714416503906,325.71429443359375,310.71429443359375,313.1785583496094,432965,,NSE
CUMMINSIND,2007-10-08,308.3571472167969,317.8214416503906,294.21429443359375,303.6428527832031,278404,,NSE
CUMMINSIND,2007-10-09,300.8928527832031,317.3928527832031,299.9285583496094,313.96429443359375,97752,,NSE
CUMMINSIND,2007-10-10,314.28570556640625,319.0,305.71429443359375,309.0714416503906,125097,,NSE
CUMMINSIND,2007-10-11,310.0,317.1428527832031,307.1428527832031,314.6428527832031,487628,,NSE
CUMMINSIND,2007-10-12,314.1785583496094,316.0714416503906,300.78570556640625,305.4285583496094,652440,,NSE
CUMMINSIND,2007-10-15,301.4285583496094,314.28570556640625,300.8928527832031,310.3928527832031,1775562,,NSE
CUMMINSIND,2007-10-16,302.1428527832031,331.21429443359375,302.1428527832031,322.6071472167969,765249,,NSE
CUMMINSIND,2007-10-17,314.28570556640625,314.28570556640625,293.5714416503906,303.9285583496094,604045,,NSE
CUMMINSIND,2007-10-18,305.71429443359375,315.71429443359375,285.75,294.1071472167969,190785,,NSE
CUMMINSIND,2007-10-19,298.5,298.5,272.8571472167969,276.0,351675,,NSE
CUMMINSIND,2007-10-22,268.6071472167969,288.5714416503906,268.6071472167969,285.28570556640625,211274,,NSE
CUMMINSIND,2007-10-23,289.28570556640625,299.28570556640625,287.8571472167969,297.28570556640625,205164,,NSE
CUMMINSIND,2007-10-24,300.0,304.8214416503906,293.96429443359375,297.6071472167969,746043,,NSE
CUMMINSIND,2007-10-25,303.53570556640625,306.8214416503906,294.6428527832031,299.6071472167969,399166,,NSE
CUMMINSIND,2007-10-26,291.4285583496094,292.8571472167969,275.78570556640625,286.03570556640625,1698447,,NSE
CUMMINSIND,2007-10-29,289.3571472167969,299.96429443359375,281.5,285.3928527832031,1047676,,NSE
CUMMINSIND,2007-10-30,285.71429443359375,288.5714416503906,278.5714416503906,282.3214416503906,447452,,NSE
CUMMINSIND,2007-10-31,285.6428527832031,291.1071472167969,280.71429443359375,284.96429443359375,1692476,,NSE
CUMMINSIND,2007-11-01,290.71429443359375,294.28570556640625,281.46429443359375,283.9285583496094,584519,,NSE
CUMMINSIND,2007-11-02,281.5714416503906,287.5,272.1428527832031,283.4285583496094,96549,,NSE
CUMMINSIND,2007-11-05,282.8571472167969,298.0,280.71429443359375,283.25,496689,,NSE
CUMMINSIND,2007-11-06,282.9285583496094,292.78570556640625,282.8571472167969,284.25,94732,,NSE
CUMMINSIND,2007-11-07,290.0,290.71429443359375,272.1428527832031,278.75,141832,,NSE
CUMMINSIND,2007-11-08,268.78570556640625,279.5714416503906,268.5714416503906,275.71429443359375,42859,,NSE
CUMMINSIND,2007-11-12,272.1428527832031,272.1428527832031,264.28570556640625,266.25,169111,,NSE
CUMMINSIND,2007-11-13,275.0,278.5714416503906,267.8571472167969,269.4285583496094,240255,,NSE
CUMMINSIND,2007-11-14,277.5,281.78570556640625,272.96429443359375,278.75,380181,,NSE
CUMMINSIND,2007-11-15,280.28570556640625,283.5714416503906,273.5714416503906,276.1071472167969,96525,,NSE
CUMMINSIND,2007-11-16,271.4285583496094,288.5714416503906,270.71429443359375,283.8214416503906,307560,,NSE
CUMMINSIND,2007-11-19,283.5714416503906,302.0714416503906,283.5714416503906,299.28570556640625,306339,,NSE
CUMMINSIND,2007-11-20,303.5714416503906,314.28570556640625,285.71429443359375,289.4285583496094,145427,,NSE
CUMMINSIND,2007-11-21,290.0,292.1428527832031,276.25,278.4285583496094,63322,,NSE
CUMMINSIND,2007-11-22,284.21429443359375,284.21429443359375,266.46429443359375,268.0,109946,,NSE
CUMMINSIND,2007-11-23,280.71429443359375,292.8571472167969,267.8571472167969,279.6785583496094,75142,,NSE
CUMMINSIND,2007-11-26,294.28570556640625,294.28570556640625,278.5714416503906,280.3571472167969,41494,,NSE
CUMMINSIND,2007-11-27,273.03570556640625,285.71429443359375,273.03570556640625,277.6428527832031,51114,,NSE
CUMMINSIND,2007-11-28,278.9285583496094,297.4285583496094,278.9285583496094,294.5714416503906,714145,,NSE
CUMMINSIND,2007-11-29,307.0714416503906,307.0714416503906,289.28570556640625,292.21429443359375,719545,,NSE
CUMMINSIND,2007-11-30,295.0,308.21429443359375,295.0,302.71429443359375,694493,,NSE
CUMMINSIND,2007-12-03,306.4285583496094,310.0,303.5714416503906,305.71429443359375,245866,,NSE
CUMMINSIND,2007-12-04,308.5714416503906,310.0,299.28570556640625,300.5714416503906,92992,,NSE
CUMMINSIND,2007-12-05,302.6428527832031,306.3928527832031,298.5714416503906,299.8928527832031,147334,,NSE
CUMMINSIND,2007-12-06,307.0,315.6428527832031,301.5,304.6071472167969,687909,,NSE
CUMMINSIND,2007-12-07,307.1428527832031,310.71429443359375,290.1785583496094,296.53570556640625,337841,,NSE
CUMMINSIND,2007-12-10,303.4285583496094,303.4285583496094,293.5714416503906,295.6428527832031,103336,,NSE
CUMMINSIND,2007-12-11,300.71429443359375,301.3928527832031,292.1428527832031,294.1785583496094,494767,,NSE
CUMMINSIND,2007-12-12,287.5714416503906,300.0,287.5714416503906,295.75,648512,,NSE
CUMMINSIND,2007-12-13,296.4285583496094,302.8571472167969,291.5714416503906,293.1428527832031,337129,,NSE
CUMMINSIND,2007-12-14,296.4285583496094,299.96429443359375,286.4285583496094,289.5714416503906,450592,,NSE
CUMMINSIND,2007-12-17,293.5714416503906,297.78570556640625,282.03570556640625,288.6785583496094,537790,,NSE
CUMMINSIND,2007-12-18,287.1428527832031,289.28570556640625,278.5714416503906,285.71429443359375,566549,,NSE
CUMMINSIND,2007-12-19,291.4285583496094,291.4285583496094,279.28570556640625,281.53570556640625,80428,,NSE
CUMMINSIND,2007-12-20,285.0,285.46429443359375,280.0,284.28570556640625,123807,,NSE
CUMMINSIND,2007-12-24,292.78570556640625,294.28570556640625,281.46429443359375,283.8928527832031,838114,,NSE
CUMMINSIND,2007-12-26,289.1428527832031,291.78570556640625,283.5714416503906,288.53570556640625,473474,,NSE
CUMMINSIND,2007-12-27,289.28570556640625,295.78570556640625,289.28570556640625,290.8928527832031,715750,,NSE
CUMMINSIND,2007-12-28,292.8214416503906,296.4285583496094,291.4285583496094,293.5,152450,,NSE
CUMMINSIND,2007-12-31,294.21429443359375,299.28570556640625,292.1428527832031,297.3571472167969,283518,,NSE
CUMMINSIND,2008-01-01,300.0,300.0,289.28570556640625,292.1428527832031,151522,,NSE
CUMMINSIND,2008-01-02,292.8571472167969,295.0,285.71429443359375,291.6428527832031,96602,,NSE
CUMMINSIND,2008-01-03,291.4285583496094,293.5714416503906,287.8571472167969,289.5,124881,,NSE
CUMMINSIND,2008-01-04,292.1428527832031,293.5714416503906,287.1428527832031,289.78570556640625,99330,,NSE
CUMMINSIND,2008-01-07,289.28570556640625,291.3928527832031,285.03570556640625,285.78570556640625,101691,,NSE
CUMMINSIND,2008-01-08,286.4285583496094,290.71429443359375,281.4285583496094,282.6071472167969,81354,,NSE
CUMMINSIND,2008-01-09,281.4285583496094,287.1071472167969,277.3214416503906,280.8214416503906,122578,,NSE
CUMMINSIND,2008-01-10,287.8571472167969,287.8571472167969,267.8571472167969,272.6071472167969,288671,,NSE
CUMMINSIND,2008-01-11,271.4285583496094,276.4285583496094,266.4285583496094,273.0714416503906,73491,,NSE
CUMMINSIND,2008-01-14,277.75,277.75,268.6071472167969,274.6428527832031,340396,,NSE
CUMMINSIND,2008-01-15,278.3571472167969,278.3571472167969,264.3214416503906,267.5714416503906,150697,,NSE
CUMMINSIND,2008-01-16,264.3214416503906,266.25,254.64285278320312,262.8214416503906,130114,,NSE
CUMMINSIND,2008-01-17,271.9285583496094,271.9285583496094,257.1428527832031,260.6785583496094,353343,,NSE
CUMMINSIND,2008-01-18,264.28570556640625,264.28570556640625,236.5,250.0,309555,,NSE
CUMMINSIND,2008-01-21,235.7142791748047,241.17857360839844,215.0,235.17857360839844,374964,,NSE
CUMMINSIND,2008-01-22,217.9642791748047,241.5,189.2857208251953,226.2142791748047,1069069,,NSE
CUMMINSIND,2008-01-23,242.85714721679688,246.42857360839844,225.0,233.9642791748047,1745534,,NSE
CUMMINSIND,2008-01-24,242.85714721679688,242.85714721679688,215.92857360839844,224.2142791748047,122297,,NSE
CUMMINSIND,2008-01-25,233.92857360839844,237.82142639160156,216.5357208251953,234.67857360839844,121823,,NSE
CUMMINSIND,2008-01-28,222.85714721679688,232.14285278320312,221.42857360839844,226.67857360839844,122054,,NSE
CUMMINSIND,2008-01-29,214.2857208251953,245.7142791748047,182.14285278320312,238.07142639160156,220222,,NSE
CUMMINSIND,2008-01-30,240.0,246.42857360839844,225.42857360839844,245.7142791748047,153983,,NSE
CUMMINSIND,2008-01-31,240.7142791748047,256.78570556640625,222.85714721679688,238.5357208251953,2404507,,NSE
CUMMINSIND,2008-02-01,240.0,248.5,222.2142791748047,244.2142791748047,173318,,NSE
CUMMINSIND,2008-02-04,247.14285278320312,250.0,242.89285278320312,249.0,43745,,NSE
CUMMINSIND,2008-02-05,249.2857208251953,257.1428527832031,242.14285278320312,255.25,546054,,NSE
CUMMINSIND,2008-02-06,247.85714721679688,252.85714721679688,243.57142639160156,246.57142639160156,38920,,NSE
CUMMINSIND,2008-02-07,247.10714721679688,251.7142791748047,235.0,236.85714721679688,58630,,NSE
CUMMINSIND,2008-02-08,235.7142791748047,248.57142639160156,231.42857360839844,243.5357208251953,39191,,NSE
CUMMINSIND,2008-02-11,240.0,240.7142791748047,225.0,226.64285278320312,36300,,NSE
CUMMINSIND,2008-02-12,229.2857208251953,240.7142791748047,214.35714721679688,224.92857360839844,112099,,NSE
CUMMINSIND,2008-02-13,225.85714721679688,237.14285278320312,221.67857360839844,231.39285278320312,116590,,NSE
CUMMINSIND,2008-02-14,239.2857208251953,245.0,232.14285278320312,237.14285278320312,103394,,NSE
CUMMINSIND,2008-02-15,230.0,239.64285278320312,226.57142639160156,237.85714721679688,261571,,NSE
CUMMINSIND,2008-02-18,238.57142639160156,240.7142791748047,232.85714721679688,234.67857360839844,15100,,NSE
CUMMINSIND,2008-02-19,232.14285278320312,239.2857208251953,232.14285278320312,235.0,125890,,NSE
CUMMINSIND,2008-02-20,234.2857208251953,240.7142791748047,232.14285278320312,236.4642791748047,49800,,NSE
CUMMINSIND,2008-02-21,239.2857208251953,247.5,233.57142639160156,235.07142639160156,690076,,NSE
CUMMINSIND,2008-02-22,235.7142791748047,237.14285278320312,232.14285278320312,235.39285278320312,24668,,NSE
CUMMINSIND,2008-02-25,232.92857360839844,240.0,229.35714721679688,237.42857360839844,314571,,NSE
CUMMINSIND,2008-02-26,239.2857208251953,245.35714721679688,235.82142639160156,243.85714721679688,64790,,NSE
CUMMINSIND,2008-02-27,245.0,250.67857360839844,242.57142639160156,245.89285278320312,317987,,NSE
CUMMINSIND,2008-02-28,240.0357208251953,250.0,237.17857360839844,247.17857360839844,314500,,NSE
CUMMINSIND,2008-02-29,243.64285278320312,247.14285278320312,237.14285278320312,242.92857360839844,103632,,NSE
CUMMINSIND,2008-03-03,234.7142791748047,241.35714721679688,234.0,239.60714721679688,57314,,NSE
CUMMINSIND,2008-03-04,235.82142639160156,239.2857208251953,230.89285278320312,234.60714721679688,85295,,NSE
CUMMINSIND,2008-03-05,229.2857208251953,235.7142791748047,224.64285278320312,229.0,121784,,NSE
CUMMINSIND,2008-03-07,221.60714721679688,225.0,221.42857360839844,223.5357208251953,30826,,NSE
CUMMINSIND,2008-03-10,214.2857208251953,222.85714721679688,200.07142639160156,221.0,118893,,NSE
CUMMINSIND,2008-03-11,207.2142791748047,232.14285278320312,207.2142791748047,228.64285278320312,131745,,NSE
CUMMINSIND,2008-03-12,232.14285278320312,249.2857208251953,226.39285278320312,231.35714721679688,108985,,NSE
CUMMINSIND,2008-03-13,226.57142639160156,226.57142639160156,217.85714721679688,221.89285278320312,30668,,NSE
CUMMINSIND,2008-03-14,224.85714721679688,227.10714721679688,215.89285278320312,225.35714721679688,49932,,NSE
CUMMINSIND,2008-03-17,217.85714721679688,221.2857208251953,188.42857360839844,195.42857360839844,61671,,NSE
CUMMINSIND,2008-03-18,203.35714721679688,213.5,185.7142791748047,211.07142639160156,1106950,,NSE
CUMMINSIND,2008-03-19,219.25,220.7142791748047,198.57142639160156,202.85714721679688,257681,,NSE
CUMMINSIND,2008-03-24,205.2857208251953,208.57142639160156,188.2857208251953,201.5357208251953,228533,,NSE
CUMMINSIND,2008-03-25,207.14285278320312,217.85714721679688,204.35714721679688,214.2857208251953,311458,,NSE
CUMMINSIND,2008-03-26,215.7142791748047,215.7142791748047,208.57142639160156,212.7857208251953,116230,,NSE
CUMMINSIND,2008-03-27,210.7142791748047,217.0357208251953,198.75,204.42857360839844,237703,,NSE
CUMMINSIND,2008-03-28,205.64285278320312,220.0,203.7857208251953,216.60714721679688,81821,,NSE
CUMMINSIND,2008-03-31,213.57142639160156,237.85714721679688,210.7857208251953,230.32142639160156,906802,,NSE
CUMMINSIND,2008-04-01,232.14285278320312,237.85714721679688,219.42857360839844,225.5357208251953,40812,,NSE
CUMMINSIND,2008-04-02,232.14285278320312,232.14285278320312,223.0357208251953,225.35714721679688,23265,,NSE
CUMMINSIND,2008-04-03,224.32142639160156,230.0,218.60714721679688,223.32142639160156,13524,,NSE
CUMMINSIND,2008-04-04,220.7857208251953,224.92857360839844,218.57142639160156,220.10714721679688,12803,,NSE
CUMMINSIND,2008-04-07,221.42857360839844,229.25,217.85714721679688,223.2142791748047,91877,,NSE
CUMMINSIND,2008-04-08,226.92857360839844,229.64285278320312,222.85714721679688,225.25,92017,,NSE
CUMMINSIND,2008-04-09,227.4642791748047,227.4642791748047,211.92857360839844,224.89285278320312,84595,,NSE
CUMMINSIND,2008-04-10,227.0,227.5,222.85714721679688,226.14285278320312,82175,,NSE
CUMMINSIND,2008-04-11,228.5357208251953,231.42857360839844,224.2857208251953,230.14285278320312,43978,,NSE
CUMMINSIND,2008-04-15,229.9642791748047,232.14285278320312,223.25,230.25,46678,,NSE
CUMMINSIND,2008-04-16,232.0,232.14285278320312,228.57142639160156,231.32142639160156,44976,,NSE
CUMMINSIND,2008-04-17,232.10714721679688,232.14285278320312,227.85714721679688,229.60714721679688,52690,,NSE
CUMMINSIND,2008-04-21,231.89285278320312,232.14285278320312,227.85714721679688,228.75,20486,,NSE
CUMMINSIND,2008-04-22,231.7857208251953,237.85714721679688,220.7142791748047,235.17857360839844,207120,,NSE
CUMMINSIND,2008-04-23,237.7857208251953,237.7857208251953,231.7857208251953,234.7857208251953,304036,,NSE
CUMMINSIND,2008-04-24,234.2857208251953,239.2857208251953,230.7142791748047,235.42857360839844,193669,,NSE
CUMMINSIND,2008-04-25,239.2857208251953,240.2857208251953,225.7142791748047,229.7857208251953,223927,,NSE
CUMMINSIND,2008-04-28,234.2857208251953,234.2857208251953,225.14285278320312,226.85714721679688,43233,,NSE
CUMMINSIND,2008-04-29,225.0,229.64285278320312,223.2857208251953,228.14285278320312,27575,,NSE
CUMMINSIND,2008-04-30,228.2142791748047,231.42857360839844,225.7857208251953,227.10714721679688,89451,,NSE
CUMMINSIND,2008-05-02,239.14285278320312,239.14285278320312,226.57142639160156,227.57142639160156,64153,,NSE
CUMMINSIND,2008-05-05,229.9642791748047,229.9642791748047,227.85714721679688,228.57142639160156,25743,,NSE
CUMMINSIND,2008-05-06,228.57142639160156,229.2857208251953,225.0,226.82142639160156,39096,,NSE
CUMMINSIND,2008-05-07,224.2857208251953,227.57142639160156,221.42857360839844,222.32142639160156,17360,,NSE
CUMMINSIND,2008-05-08,220.0,225.7142791748047,217.85714721679688,221.75,37749,,NSE
CUMMINSIND,2008-05-09,223.57142639160156,223.57142639160156,215.0357208251953,216.9642791748047,16417,,NSE
CUMMINSIND,2008-05-12,213.57142639160156,217.82142639160156,210.7142791748047,212.0,36981,,NSE
CUMMINSIND,2008-05-13,214.2857208251953,217.5,199.2857208251953,203.64285278320312,154572,,NSE
CUMMINSIND,2008-05-14,201.57142639160156,210.7142791748047,201.57142639160156,208.7857208251953,142375,,NSE
CUMMINSIND,2008-05-15,210.7142791748047,214.07142639160156,202.32142639160156,205.89285278320312,138871,,NSE
CUMMINSIND,2008-05-16,210.7142791748047,211.7142791748047,205.75,206.9642791748047,50537,,NSE
CUMMINSIND,2008-05-20,206.42857360839844,214.39285278320312,205.82142639160156,207.4642791748047,96885,,NSE
CUMMINSIND,2008-05-21,207.14285278320312,210.7142791748047,205.0,207.89285278320312,156916,,NSE
CUMMINSIND,2008-05-22,207.85714721679688,210.67857360839844,201.42857360839844,207.14285278320312,140394,,NSE
CUMMINSIND,2008-05-23,205.7142791748047,212.07142639160156,205.7142791748047,207.64285278320312,295876,,NSE
CUMMINSIND,2008-05-26,207.14285278320312,207.14285278320312,199.85714721679688,203.57142639160156,372024,,NSE
CUMMINSIND,2008-05-27,204.2857208251953,215.64285278320312,201.7857208251953,203.7142791748047,625528,,NSE
CUMMINSIND,2008-05-28,205.0,207.67857360839844,200.67857360839844,203.17857360839844,299024,,NSE
CUMMINSIND,2008-05-29,205.39285278320312,207.14285278320312,202.2142791748047,205.2142791748047,139421,,NSE
CUMMINSIND,2008-05-30,209.0357208251953,213.2142791748047,204.4642791748047,211.67857360839844,87441,,NSE
CUMMINSIND,2008-06-02,215.35714721679688,217.64285278320312,207.85714721679688,211.2142791748047,85352,,NSE
CUMMINSIND,2008-06-03,205.0,213.57142639160156,204.5357208251953,210.9642791748047,94164,,NSE
CUMMINSIND,2008-06-04,211.4642791748047,213.57142639160156,202.85714721679688,209.07142639160156,105760,,NSE
CUMMINSIND,2008-06-05,205.7142791748047,212.85714721679688,203.57142639160156,211.25,145653,,NSE
CUMMINSIND,2008-06-06,213.57142639160156,216.42857360839844,208.0,212.14285278320312,446426,,NSE
CUMMINSIND,2008-06-09,212.14285278320312,212.14285278320312,200.0,204.0,495510,,NSE
CUMMINSIND,2008-06-10,203.57142639160156,203.57142639160156,196.60714721679688,199.2857208251953,177083,,NSE
CUMMINSIND,2008-06-11,198.5,202.14285278320312,194.2857208251953,197.0357208251953,338405,,NSE
CUMMINSIND,2008-06-12,187.85714721679688,192.85714721679688,182.25,192.0,559209,,NSE
CUMMINSIND,2008-06-13,194.64285278320312,195.4642791748047,189.92857360839844,191.35714721679688,197663,,NSE
CUMMINSIND,2008-06-16,196.35714721679688,197.7857208251953,190.42857360839844,191.5357208251953,280210,,NSE
CUMMINSIND,2008-06-17,193.60714721679688,195.7142791748047,192.14285278320312,193.2857208251953,193541,,NSE
CUMMINSIND,2008-06-18,193.14285278320312,195.64285278320312,193.14285278320312,193.60714721679688,205639,,NSE
CUMMINSIND,2008-06-19,189.39285278320312,192.67857360839844,188.57142639160156,190.07142639160156,42732,,NSE
CUMMINSIND,2008-06-20,189.32142639160156,192.57142639160156,186.42857360839844,188.7857208251953,36432,,NSE
CUMMINSIND,2008-06-23,188.7857208251953,188.7857208251953,177.14285278320312,178.57142639160156,119838,,NSE
CUMMINSIND,2008-06-24,179.2142791748047,180.0,173.17857360839844,174.5357208251953,251784,,NSE
CUMMINSIND,2008-06-25,173.14285278320312,177.7857208251953,169.89285278320312,174.17857360839844,44664,,NSE
CUMMINSIND,2008-06-26,172.85714721679688,176.42857360839844,164.39285278320312,167.82142639160156,64223,,NSE
CUMMINSIND,2008-06-27,162.75,167.14285278320312,160.7142791748047,164.5,204216,,NSE
CUMMINSIND,2008-06-30,164.2857208251953,168.75,160.82142639160156,167.39285278320312,150920,,NSE
CUMMINSIND,2008-07-01,164.82142639160156,171.35714721679688,164.2857208251953,166.64285278320312,51574,,NSE
CUMMINSIND,2008-07-02,167.07142639160156,175.0,164.0357208251953,170.89285278320312,183992,,NSE
CUMMINSIND,2008-07-03,174.2857208251953,185.7142791748047,160.7857208251953,162.57142639160156,86844,,NSE
CUMMINSIND,2008-07-04,169.2857208251953,169.92857360839844,164.2857208251953,168.7142791748047,83017,,NSE
CUMMINSIND,2008-07-07,173.5,177.14285278320312,169.39285278320312,171.57142639160156,120762,,NSE
CUMMINSIND,2008-07-08,171.42857360839844,171.42857360839844,163.57142639160156,166.7142791748047,390059,,NSE
CUMMINSIND,2008-07-09,175.0,175.0,167.85714721679688,169.0357208251953,239255,,NSE
CUMMINSIND,2008-07-10,168.85714721679688,176.35714721679688,166.7857208251953,170.64285278320312,96594,,NSE
CUMMINSIND,2008-07-11,171.42857360839844,174.14285278320312,168.57142639160156,170.07142639160156,268674,,NSE
CUMMINSIND,2008-07-14,168.2142791748047,175.0,168.2142791748047,169.9642791748047,223326,,NSE
CUMMINSIND,2008-07-15,169.2857208251953,171.42857360839844,161.5,164.17857360839844,221169,,NSE
CUMMINSIND,2008-07-16,164.2857208251953,170.7142791748047,160.7142791748047,166.14285278320312,71922,,NSE
CUMMINSIND,2008-07-17,172.82142639160156,174.14285278320312,163.5357208251953,171.32142639160156,388189,,NSE
CUMMINSIND,2008-07-18,167.85714721679688,172.0,162.35714721679688,167.17857360839844,83151,,NSE
CUMMINSIND,2008-07-21,172.7142791748047,174.25,167.85714721679688,171.7142791748047,54888,,NSE
CUMMINSIND,2008-07-22,171.42857360839844,178.5,170.57142639160156,175.57142639160156,46856,,NSE
CUMMINSIND,2008-07-23,178.57142639160156,205.7142791748047,177.85714721679688,199.92857360839844,662358,,NSE
CUMMINSIND,2008-07-24,203.57142639160156,212.85714721679688,182.89285278320312,207.4642791748047,795442,,NSE
CUMMINSIND,2008-07-25,204.2857208251953,205.7142791748047,200.0357208251953,201.5,42291,,NSE
CUMMINSIND,2008-07-28,202.85714721679688,206.42857360839844,195.7142791748047,203.7857208251953,740551,,NSE
CUMMINSIND,2008-07-29,203.57142639160156,208.2142791748047,200.07142639160156,204.5357208251953,49931,,NSE
CUMMINSIND,2008-07-30,205.7142791748047,206.35714721679688,201.42857360839844,202.17857360839844,379731,,NSE
CUMMINSIND,2008-07-31,203.57142639160156,210.7142791748047,198.64285278320312,200.7857208251953,535697,,NSE
CUMMINSIND,2008-08-01,200.35714721679688,204.25,196.42857360839844,202.7857208251953,139414,,NSE
CUMMINSIND,2008-08-04,203.57142639160156,213.57142639160156,201.4642791748047,209.25,455851,,NSE
CUMMINSIND,2008-08-05,213.57142639160156,223.75,207.85714721679688,219.32142639160156,677439,,NSE
CUMMINSIND,2008-08-06,222.85714721679688,224.9642791748047,217.9642791748047,219.32142639160156,120366,,NSE
CUMMINSIND,2008-08-07,219.2857208251953,221.42857360839844,215.7857208251953,217.35714721679688,23970,,NSE
CUMMINSIND,2008-08-08,214.2857208251953,222.2142791748047,214.2857208251953,217.7857208251953,79996,,NSE
CUMMINSIND,2008-08-11,219.42857360839844,224.10714721679688,219.42857360839844,221.75,744308,,NSE
CUMMINSIND,2008-08-12,224.07142639160156,229.92857360839844,221.42857360839844,226.2857208251953,101487,,NSE
CUMMINSIND,2008-08-13,221.42857360839844,227.0,219.2857208251953,225.0,42284,,NSE
CUMMINSIND,2008-08-14,227.75,230.7142791748047,222.14285278320312,224.7142791748047,366408,,NSE
CUMMINSIND,2008-08-18,221.42857360839844,225.0,218.2142791748047,223.35714721679688,511390,,NSE
CUMMINSIND,2008-08-19,224.7142791748047,227.07142639160156,218.10714721679688,225.0,90916,,NSE
CUMMINSIND,2008-08-20,225.7142791748047,227.0357208251953,222.32142639160156,223.2142791748047,7028,,NSE
CUMMINSIND,2008-08-21,222.85714721679688,227.14285278320312,217.89285278320312,220.75,58825,,NSE
CUMMINSIND,2008-08-22,220.5357208251953,222.85714721679688,215.7857208251953,216.92857360839844,16779,,NSE
CUMMINSIND,2008-08-25,217.85714721679688,224.42857360839844,213.75,223.35714721679688,51854,,NSE
CUMMINSIND,2008-08-26,217.85714721679688,224.85714721679688,217.85714721679688,221.85714721679688,15467,,NSE
CUMMINSIND,2008-08-27,221.42857360839844,223.7142791748047,220.07142639160156,221.4642791748047,16721,,NSE
CUMMINSIND,2008-08-28,220.07142639160156,230.57142639160156,220.07142639160156,227.39285278320312,126562,,NSE
CUMMINSIND,2008-08-29,230.0,232.5,226.4642791748047,227.35714721679688,51910,,NSE
CUMMINSIND,2008-09-01,225.7142791748047,228.57142639160156,223.57142639160156,227.75,9823,,NSE
CUMMINSIND,2008-09-02,228.57142639160156,230.64285278320312,225.75,227.4642791748047,34150,,NSE
CUMMINSIND,2008-09-04,228.10714721679688,237.85714721679688,226.2142791748047,230.10714721679688,164194,,NSE
CUMMINSIND,2008-09-05,232.10714721679688,232.10714721679688,225.07142639160156,226.35714721679688,7901,,NSE
CUMMINSIND,2008-09-08,232.85714721679688,234.2857208251953,220.7142791748047,223.10714721679688,26731,,NSE
CUMMINSIND,2008-09-09,221.07142639160156,224.2857208251953,219.35714721679688,220.64285278320312,21127,,NSE
CUMMINSIND,2008-09-10,219.2857208251953,227.0,210.7142791748047,211.67857360839844,71846,,NSE
CUMMINSIND,2008-09-11,208.7857208251953,210.7142791748047,205.0,206.82142639160156,501751,,NSE
CUMMINSIND,2008-09-12,205.7142791748047,213.5357208251953,204.2857208251953,208.60714721679688,338700,,NSE
CUMMINSIND,2008-09-15,203.75,207.7142791748047,197.32142639160156,205.7142791748047,33392,,NSE
CUMMINSIND,2008-09-16,203.0,210.60714721679688,197.14285278320312,207.67857360839844,30812,,NSE
CUMMINSIND,2008-09-17,209.2142791748047,214.32142639160156,207.14285278320312,208.82142639160156,51434,,NSE
CUMMINSIND,2008-09-18,197.2142791748047,205.7142791748047,197.2142791748047,203.7857208251953,17539,,NSE
CUMMINSIND,2008-09-19,210.0,225.7142791748047,206.42857360839844,222.85714721679688,818543,,NSE
CUMMINSIND,2008-09-22,225.10714721679688,225.10714721679688,220.7857208251953,224.2142791748047,549263,,NSE
CUMMINSIND,2008-09-23,217.85714721679688,222.85714721679688,217.85714721679688,221.0357208251953,27109,,NSE
CUMMINSIND,2008-09-24,222.14285278320312,222.14285278320312,214.39285278320312,216.39285278320312,66159,,NSE
CUMMINSIND,2008-09-25,220.57142639160156,221.42857360839844,213.25,217.7857208251953,147064,,NSE
CUMMINSIND,2008-09-26,215.0,215.39285278320312,200.10714721679688,205.07142639160156,28655,,NSE
CUMMINSIND,2008-09-29,203.35714721679688,207.75,199.4642791748047,204.14285278320312,35784,,NSE
CUMMINSIND,2008-09-30,203.57142639160156,221.35714721679688,184.89285278320312,217.67857360839844,35999,,NSE
CUMMINSIND,2008-10-01,217.07142639160156,218.5357208251953,211.5,215.39285278320312,19353,,NSE
CUMMINSIND,2008-10-03,210.7857208251953,217.0,208.92857360839844,209.2857208251953,10542,,NSE
CUMMINSIND,2008-10-06,203.57142639160156,206.2857208251953,196.5,201.25,34036,,NSE
CUMMINSIND,2008-10-07,202.14285278320312,204.7857208251953,188.10714721679688,196.4642791748047,82506,,NSE
CUMMINSIND,2008-10-08,190.0,202.07142639160156,175.7142791748047,198.32142639160156,144030,,NSE
CUMMINSIND,2008-10-10,192.85714721679688,192.85714721679688,178.57142639160156,181.17857360839844,593126,,NSE
CUMMINSIND,2008-10-13,195.7142791748047,199.67857360839844,175.0,192.64285278320312,163616,,NSE
CUMMINSIND,2008-10-14,199.85714721679688,202.85714721679688,185.7142791748047,187.2142791748047,52347,,NSE
CUMMINSIND,2008-10-15,184.35714721679688,191.42857360839844,182.32142639160156,186.42857360839844,215055,,NSE
CUMMINSIND,2008-10-16,169.64285278320312,189.14285278320312,169.64285278320312,185.5357208251953,106300,,NSE
CUMMINSIND,2008-10-17,185.7142791748047,192.89285278320312,177.14285278320312,180.0,219972,,NSE
CUMMINSIND,2008-10-20,188.35714721679688,188.35714721679688,172.5357208251953,173.82142639160156,26699,,NSE
CUMMINSIND,2008-10-21,178.42857360839844,180.7142791748047,173.57142639160156,176.5357208251953,16480,,NSE
CUMMINSIND,2008-10-22,172.85714721679688,178.4642791748047,168.64285278320312,171.67857360839844,10564,,NSE
CUMMINSIND,2008-10-23,166.42857360839844,169.2857208251953,157.32142639160156,162.14285278320312,56611,,NSE
CUMMINSIND,2008-10-24,160.0,160.60714721679688,152.85714721679688,155.67857360839844,48722,,NSE
CUMMINSIND,2008-10-27,157.14285278320312,162.10714721679688,139.5357208251953,151.5357208251953,252918,,NSE
CUMMINSIND,2008-10-29,155.7142791748047,155.7142791748047,135.89285278320312,139.35714721679688,84170,,NSE
CUMMINSIND,2008-10-31,141.42857360839844,149.7857208251953,139.2857208251953,145.82142639160156,122837,,NSE
CUMMINSIND,2008-11-03,149.2857208251953,154.92857360839844,146.42857360839844,152.64285278320312,28387,,NSE
CUMMINSIND,2008-11-04,156.42857360839844,160.0,150.14285278320312,158.0,12191,,NSE
CUMMINSIND,2008-11-05,160.7142791748047,164.2857208251953,156.5,158.7857208251953,24228,,NSE
CUMMINSIND,2008-11-06,157.0,162.14285278320312,151.42857360839844,160.0,12100,,NSE
CUMMINSIND,2008-11-07,157.14285278320312,164.2857208251953,154.07142639160156,163.5,22134,,NSE
CUMMINSIND,2008-11-10,164.2857208251953,178.57142639160156,161.2857208251953,177.17857360839844,83953,,NSE
CUMMINSIND,2008-11-11,171.64285278320312,181.42857360839844,171.64285278320312,175.75,27468,,NSE
CUMMINSIND,2008-11-12,171.42857360839844,174.57142639160156,166.07142639160156,166.75,15657,,NSE
CUMMINSIND,2008-11-14,175.0,178.57142639160156,160.0,163.25,356428,,NSE
CUMMINSIND,2008-11-17,163.2142791748047,163.2142791748047,153.57142639160156,154.25,19482,,NSE
CUMMINSIND,2008-11-18,145.17857360839844,157.85714721679688,143.0,155.10714721679688,64129,,NSE
CUMMINSIND,2008-11-19,156.42857360839844,157.14285278320312,151.7857208251953,154.39285278320312,21446,,NSE
CUMMINSIND,2008-11-20,152.14285278320312,152.14285278320312,143.92857360839844,150.0,30170,,NSE
CUMMINSIND,2008-11-21,152.7857208251953,156.42857360839844,148.57142639160156,149.32142639160156,1306617,,NSE
CUMMINSIND,2008-11-24,150.0,157.10714721679688,137.7857208251953,147.2142791748047,20104,,NSE
CUMMINSIND,2008-11-25,153.75,153.75,140.7142791748047,143.35714721679688,24278,,NSE
CUMMINSIND,2008-11-26,143.75,147.85714721679688,137.85714721679688,143.17857360839844,95277,,NSE
CUMMINSIND,2008-11-27,143.17857360839844,143.17857360839844,143.17857360839844,143.17857360839844,0,,NSE
CUMMINSIND,2008-11-28,139.2857208251953,155.7142791748047,139.2857208251953,150.07142639160156,123184,,NSE
CUMMINSIND,2008-12-01,149.42857360839844,153.5,144.2857208251953,145.4642791748047,87242,,NSE
CUMMINSIND,2008-12-02,139.60714721679688,146.25,139.60714721679688,142.2142791748047,36076,,NSE
CUMMINSIND,2008-12-03,140.0,146.07142639160156,139.35714721679688,144.5,116386,,NSE
CUMMINSIND,2008-12-04,145.0,149.2857208251953,142.14285278320312,145.60714721679688,113801,,NSE
CUMMINSIND,2008-12-05,145.89285278320312,148.5357208251953,144.35714721679688,145.5,12867,,NSE
CUMMINSIND,2008-12-08,150.0,153.5357208251953,143.25,145.82142639160156,217361,,NSE
CUMMINSIND,2008-12-10,146.35714721679688,146.42857360839844,140.82142639160156,142.0357208251953,101400,,NSE
CUMMINSIND,2008-12-11,142.14285278320312,146.42857360839844,131.42857360839844,138.39285278320312,559790,,NSE
CUMMINSIND,2008-12-12,136.7857208251953,145.0,133.92857360839844,141.2857208251953,460877,,NSE
CUMMINSIND,2008-12-15,140.7142791748047,145.7142791748047,139.64285278320312,140.82142639160156,337247,,NSE
CUMMINSIND,2008-12-16,142.07142639160156,144.10714721679688,140.2857208251953,141.25,38427,,NSE
CUMMINSIND,2008-12-17,143.60714721679688,144.2857208251953,136.4642791748047,138.4642791748047,622389,,NSE
CUMMINSIND,2008-12-18,138.5357208251953,139.7857208251953,137.17857360839844,138.64285278320312,227746,,NSE
CUMMINSIND,2008-12-19,139.64285278320312,142.92857360839844,138.57142639160156,140.9642791748047,233945,,NSE
CUMMINSIND,2008-12-22,141.42857360839844,141.42857360839844,137.14285278320312,139.14285278320312,425733,,NSE
CUMMINSIND,2008-12-23,138.42857360839844,140.64285278320312,137.14285278320312,139.17857360839844,556785,,NSE
CUMMINSIND,2008-12-24,139.7142791748047,140.85714721679688,138.07142639160156,139.7142791748047,59792,,NSE
CUMMINSIND,2008-12-26,139.2857208251953,145.75,137.2142791748047,141.2857208251953,432898,,NSE
CUMMINSIND,2008-12-29,141.07142639160156,155.42857360839844,140.7142791748047,150.5357208251953,137832,,NSE
CUMMINSIND,2008-12-30,154.2857208251953,159.42857360839844,144.75,154.82142639160156,774020,,NSE
CUMMINSIND,2008-12-31,155.7142791748047,163.57142639160156,152.5,158.35714721679688,992091,,NSE
CUMMINSIND,2009-01-02,164.14285278320312,164.35714721679688,159.64285278320312,162.89285278320312,330254,,NSE
CUMMINSIND,2009-01-05,165.5,165.7142791748047,162.14285278320312,163.75,47474,,NSE
CUMMINSIND,2009-01-06,162.60714721679688,163.39285278320312,158.57142639160156,159.25,314078,,NSE
CUMMINSIND,2009-01-07,162.07142639160156,162.82142639160156,142.14285278320312,146.5357208251953,46380,,NSE
CUMMINSIND,2009-01-09,146.42857360839844,147.14285278320312,140.0,145.0357208251953,75658,,NSE
CUMMINSIND,2009-01-12,145.0,148.42857360839844,143.60714721679688,147.4642791748047,19247,,NSE
CUMMINSIND,2009-01-13,147.7857208251953,151.42857360839844,145.39285278320312,148.25,10490,,NSE
CUMMINSIND,2009-01-14,146.42857360839844,153.5,146.42857360839844,150.60714721679688,14233,,NSE
CUMMINSIND,2009-01-15,140.14285278320312,149.85714721679688,140.14285278320312,148.7142791748047,15107,,NSE
CUMMINSIND,2009-01-16,147.14285278320312,153.32142639160156,143.57142639160156,144.0,27930,,NSE
CUMMINSIND,2009-01-19,147.85714721679688,149.14285278320312,145.0,147.7142791748047,6662,,NSE
CUMMINSIND,2009-01-20,145.07142639160156,147.14285278320312,142.5,142.89285278320312,117782,,NSE
CUMMINSIND,2009-01-21,140.0,146.2142791748047,137.42857360839844,144.32142639160156,68873,,NSE
CUMMINSIND,2009-01-22,142.85714721679688,145.9642791748047,140.7142791748047,142.14285278320312,73052,,NSE
CUMMINSIND,2009-01-23,138.0,145.7142791748047,138.0,141.67857360839844,45029,,NSE
CUMMINSIND,2009-01-27,144.64285278320312,144.64285278320312,136.7857208251953,139.57142639160156,73579,,NSE
CUMMINSIND,2009-01-28,142.85714721679688,157.42857360839844,137.85714721679688,141.92857360839844,427492,,NSE
CUMMINSIND,2009-01-29,144.35714721679688,144.35714721679688,120.53571319580078,122.17857360839844,2810081,,NSE
CUMMINSIND,2009-01-30,122.17857360839844,122.89286041259766,118.28571319580078,120.0,451424,,NSE
CUMMINSIND,2009-02-02,120.71428680419922,124.28571319580078,120.10713958740234,121.39286041259766,471455,,NSE
CUMMINSIND,2009-02-03,122.07142639160156,122.75,119.28571319580078,121.14286041259766,458728,,NSE
CUMMINSIND,2009-02-04,121.42857360839844,123.35713958740234,120.03571319580078,121.42857360839844,88503,,NSE
CUMMINSIND,2009-02-05,120.75,123.21428680419922,119.64286041259766,121.46428680419922,697160,,NSE
CUMMINSIND,2009-02-06,122.85713958740234,123.17857360839844,120.71428680419922,122.5,74669,,NSE
CUMMINSIND,2009-02-09,122.75,124.71428680419922,121.42857360839844,123.75,74544,,NSE
CUMMINSIND,2009-02-10,125.0,127.67857360839844,123.21428680419922,125.07142639160156,114081,,NSE
CUMMINSIND,2009-02-11,120.92857360839844,126.07142639160156,120.71428680419922,125.0,305873,,NSE
CUMMINSIND,2009-02-12,125.71428680419922,125.71428680419922,122.67857360839844,124.25,945267,,NSE
CUMMINSIND,2009-02-13,125.71428680419922,127.14286041259766,125.0,125.75,67683,,NSE
CUMMINSIND,2009-02-16,127.14286041259766,127.71428680419922,121.78571319580078,122.17857360839844,51781,,NSE
CUMMINSIND,2009-02-17,122.78571319580078,122.78571319580078,115.07142639160156,115.89286041259766,1560206,,NSE
CUMMINSIND,2009-02-18,114.32142639160156,118.39286041259766,111.60713958740234,117.89286041259766,110283,,NSE
CUMMINSIND,2009-02-19,118.17857360839844,120.35713958740234,117.14286041259766,117.46428680419922,23791,,NSE
CUMMINSIND,2009-02-20,116.78571319580078,117.0,114.25,114.53571319580078,465757,,NSE
CUMMINSIND,2009-02-24,112.85713958740234,115.71428680419922,111.46428680419922,113.35713958740234,51079,,NSE
CUMMINSIND,2009-02-25,116.35713958740234,116.35713958740234,113.78571319580078,114.21428680419922,33878,,NSE
CUMMINSIND,2009-02-26,114.28571319580078,114.28571319580078,107.85713958740234,110.5,290852,,NSE
CUMMINSIND,2009-02-27,112.0,112.85713958740234,110.10713958740234,111.5,14166,,NSE
CUMMINSIND,2009-03-02,111.42857360839844,111.75,107.42857360839844,111.14286041259766,250045,,NSE
CUMMINSIND,2009-03-03,108.92857360839844,111.42857360839844,107.14286041259766,109.35713958740234,804711,,NSE
CUMMINSIND,2009-03-04,107.57142639160156,111.28571319580078,107.57142639160156,110.39286041259766,244358,,NSE
CUMMINSIND,2009-03-05,109.28571319580078,111.32142639160156,109.28571319580078,110.0,155979,,NSE
CUMMINSIND,2009-03-06,109.14286041259766,111.78571319580078,108.0,109.07142639160156,20358,,NSE
CUMMINSIND,2009-03-09,110.71428680419922,110.71428680419922,105.85713958740234,107.53571319580078,754324,,NSE
CUMMINSIND,2009-03-12,110.67857360839844,111.07142639160156,105.89286041259766,107.07142639160156,32057,,NSE
CUMMINSIND,2009-03-13,107.53571319580078,109.64286041259766,107.5,109.07142639160156,49484,,NSE
CUMMINSIND,2009-03-16,110.71428680419922,113.5,110.0,111.57142639160156,41678,,NSE
CUMMINSIND,2009-03-17,112.85713958740234,119.75,112.5,114.07142639160156,167463,,NSE
CUMMINSIND,2009-03-18,115.75,117.85713958740234,115.39286041259766,116.42857360839844,44322,,NSE
CUMMINSIND,2009-03-19,116.07142639160156,121.75,115.42857360839844,118.92857360839844,368258,,NSE
CUMMINSIND,2009-03-20,119.35713958740234,121.42857360839844,117.85713958740234,118.64286041259766,63572,,NSE
CUMMINSIND,2009-03-23,120.0,124.64286041259766,116.5,122.14286041259766,101838,,NSE
CUMMINSIND,2009-03-24,124.28571319580078,126.42857360839844,120.0,121.42857360839844,50965,,NSE
CUMMINSIND,2009-03-25,121.42857360839844,121.42857360839844,118.67857360839844,120.21428680419922,41343,,NSE
CUMMINSIND,2009-03-26,120.39286041259766,129.92857360839844,120.39286041259766,128.32142639160156,277989,,NSE
CUMMINSIND,2009-03-27,130.7142791748047,132.14285278320312,126.35713958740234,128.75,49995,,NSE
CUMMINSIND,2009-03-30,127.14286041259766,129.82142639160156,126.10713958740234,129.25,44360,,NSE
CUMMINSIND,2009-03-31,129.07142639160156,134.5,128.25,132.14285278320312,797325,,NSE
CUMMINSIND,2009-04-01,130.2857208251953,133.57142639160156,129.32142639160156,130.14285278320312,28828,,NSE
CUMMINSIND,2009-04-02,132.14285278320312,137.14285278320312,125.0,133.5357208251953,255185,,NSE
CUMMINSIND,2009-04-06,135.7142791748047,139.2857208251953,129.35714721679688,130.35714721679688,83643,,NSE
CUMMINSIND,2009-04-08,131.4642791748047,136.39285278320312,126.60713958740234,134.4642791748047,82926,,NSE
CUMMINSIND,2009-04-09,135.7142791748047,145.2857208251953,135.0357208251953,142.82142639160156,244995,,NSE
CUMMINSIND,2009-04-13,144.2857208251953,147.64285278320312,140.7857208251953,142.0357208251953,170472,,NSE
CUMMINSIND,2009-04-15,139.32142639160156,147.67857360839844,139.32142639160156,142.14285278320312,1302285,,NSE
CUMMINSIND,2009-04-16,144.2142791748047,150.0,140.89285278320312,143.10714721679688,182996,,NSE
CUMMINSIND,2009-04-17,142.85714721679688,154.2857208251953,142.35714721679688,149.57142639160156,434593,,NSE
CUMMINSIND,2009-04-20,152.85714721679688,156.92857360839844,150.10714721679688,154.0,258487,,NSE
CUMMINSIND,2009-04-21,147.92857360839844,155.25,147.92857360839844,153.10714721679688,276456,,NSE
CUMMINSIND,2009-04-22,150.7857208251953,157.07142639160156,144.39285278320312,145.57142639160156,136161,,NSE
CUMMINSIND,2009-04-23,145.07142639160156,150.7142791748047,142.92857360839844,148.7142791748047,82684,,NSE
CUMMINSIND,2009-04-24,147.2142791748047,153.57142639160156,146.17857360839844,150.5357208251953,53943,,NSE
CUMMINSIND,2009-04-27,152.85714721679688,153.5,147.14285278320312,149.85714721679688,128763,,NSE
CUMMINSIND,2009-04-28,150.0,151.60714721679688,140.42857360839844,142.2142791748047,25436,,NSE
CUMMINSIND,2009-04-29,145.0,147.17857360839844,143.60714721679688,144.4642791748047,47413,,NSE
CUMMINSIND,2009-04-30,143.60714721679688,143.60714721679688,143.60714721679688,143.60714721679688,0,,NSE
CUMMINSIND,2009-05-04,147.14285278320312,150.0,142.32142639160156,148.39285278320312,221776,,NSE
CUMMINSIND,2009-05-05,149.2857208251953,154.10714721679688,149.2857208251953,151.35714721679688,166744,,NSE
CUMMINSIND,2009-05-06,150.2142791748047,156.14285278320312,150.2142791748047,151.60714721679688,80137,,NSE
CUMMINSIND,2009-05-07,153.57142639160156,155.7142791748047,152.9642791748047,154.5357208251953,194446,,NSE
CUMMINSIND,2009-05-08,155.5357208251953,160.2857208251953,153.32142639160156,158.75,322726,,NSE
CUMMINSIND,2009-05-11,160.7857208251953,164.0,152.85714721679688,153.39285278320312,38833,,NSE
CUMMINSIND,2009-05-12,154.7857208251953,166.42857360839844,150.07142639160156,159.67857360839844,95669,,NSE
CUMMINSIND,2009-05-13,157.14285278320312,159.14285278320312,152.14285278320312,152.9642791748047,233933,,NSE
CUMMINSIND,2009-05-14,152.14285278320312,159.2857208251953,150.07142639160156,152.5357208251953,142203,,NSE
CUMMINSIND,2009-05-15,154.2857208251953,155.67857360839844,152.2142791748047,153.10714721679688,55882,,NSE
CUMMINSIND,2009-05-18,175.0,175.0,175.0,175.0,280,,NSE
CUMMINSIND,2009-05-19,164.2857208251953,187.85714721679688,155.0357208251953,182.9642791748047,355661,,NSE
CUMMINSIND,2009-05-20,171.42857360839844,197.14285278320312,171.42857360839844,193.0357208251953,321724,,NSE
CUMMINSIND,2009-05-21,194.2857208251953,210.7142791748047,187.85714721679688,199.89285278320312,251930,,NSE
CUMMINSIND,2009-05-22,200.0,200.0,182.5,185.07142639160156,1352092,,NSE
CUMMINSIND,2009-05-25,192.07142639160156,192.32142639160156,182.32142639160156,183.2142791748047,406456,,NSE
CUMMINSIND,2009-05-26,185.7142791748047,189.57142639160156,176.60714721679688,180.14285278320312,920028,,NSE
CUMMINSIND,2009-05-27,192.57142639160156,200.0,186.07142639160156,187.25,1405653,,NSE
CUMMINSIND,2009-05-28,192.7142791748047,192.7142791748047,185.7142791748047,186.92857360839844,653625,,NSE
CUMMINSIND,2009-05-29,190.42857360839844,202.7142791748047,187.25,197.5357208251953,952782,,NSE
CUMMINSIND,2009-06-01,203.35714721679688,203.35714721679688,191.07142639160156,191.7142791748047,814095,,NSE
CUMMINSIND,2009-06-02,195.7142791748047,196.2142791748047,180.39285278320312,185.4642791748047,613688,,NSE
CUMMINSIND,2009-06-03,185.75,189.17857360839844,182.2857208251953,185.7142791748047,330029,,NSE
CUMMINSIND,2009-06-04,187.5,194.2857208251953,185.0357208251953,189.42857360839844,758728,,NSE
CUMMINSIND,2009-06-05,195.0,202.67857360839844,194.2857208251953,195.89285278320312,777714,,NSE
CUMMINSIND,2009-06-08,196.42857360839844,200.7142791748047,186.2142791748047,189.25,270302,,NSE
CUMMINSIND,2009-06-09,189.25,200.0,185.7142791748047,198.4642791748047,324903,,NSE
CUMMINSIND,2009-06-10,201.5,213.5357208251953,200.89285278320312,205.0,675033,,NSE
CUMMINSIND,2009-06-11,205.17857360839844,207.14285278320312,197.9642791748047,204.35714721679688,182782,,NSE
CUMMINSIND,2009-06-12,204.2857208251953,207.75,196.10714721679688,199.60714721679688,157988,,NSE
CUMMINSIND,2009-06-15,203.57142639160156,203.57142639160156,197.32142639160156,199.89285278320312,132084,,NSE
CUMMINSIND,2009-06-16,196.42857360839844,201.42857360839844,193.2142791748047,200.64285278320312,66234,,NSE
CUMMINSIND,2009-06-17,200.39285278320312,204.2857208251953,193.64285278320312,197.64285278320312,177727,,NSE
CUMMINSIND,2009-06-18,197.7857208251953,202.7142791748047,184.39285278320312,188.57142639160156,190902,,NSE
CUMMINSIND,2009-06-19,186.82142639160156,195.0,184.42857360839844,188.85714721679688,53919,,NSE
CUMMINSIND,2009-06-22,188.64285278320312,192.7142791748047,185.7142791748047,185.82142639160156,84942,,NSE
CUMMINSIND,2009-06-23,182.85714721679688,189.25,181.42857360839844,188.42857360839844,135728,,NSE
CUMMINSIND,2009-06-24,189.2857208251953,195.0,185.75,192.2142791748047,86888,,NSE
CUMMINSIND,2009-06-25,192.85714721679688,198.57142639160156,189.82142639160156,192.32142639160156,214361,,NSE
CUMMINSIND,2009-06-26,194.17857360839844,199.2857208251953,191.4642791748047,198.10714721679688,114226,,NSE
CUMMINSIND,2009-06-29,200.0,209.89285278320312,197.89285278320312,206.7857208251953,126019,,NSE
CUMMINSIND,2009-06-30,205.7142791748047,209.2857208251953,197.2857208251953,198.67857360839844,59686,,NSE
CUMMINSIND,2009-07-01,201.25,201.42857360839844,192.92857360839844,199.92857360839844,31782,,NSE
CUMMINSIND,2009-07-02,200.0,200.0357208251953,195.7142791748047,197.39285278320312,29661,,NSE
CUMMINSIND,2009-07-03,196.42857360839844,198.5357208251953,193.0,194.5,80238,,NSE
CUMMINSIND,2009-07-06,197.85714721679688,202.85714721679688,185.2142791748047,186.7142791748047,90865,,NSE
CUMMINSIND,2009-07-07,187.14285278320312,190.7142791748047,184.2857208251953,186.35714721679688,211820,,NSE
CUMMINSIND,2009-07-08,185.64285278320312,187.14285278320312,176.5357208251953,178.75,49522,,NSE
CUMMINSIND,2009-07-09,178.57142639160156,182.07142639160156,175.85714721679688,177.75,26255,,NSE
CUMMINSIND,2009-07-10,179.2857208251953,184.25,177.14285278320312,180.35714721679688,57006,,NSE
CUMMINSIND,2009-07-13,178.57142639160156,178.57142639160156,167.92857360839844,171.2857208251953,58928,,NSE
CUMMINSIND,2009-07-14,176.7857208251953,177.82142639160156,171.5,175.92857360839844,123765,,NSE
CUMMINSIND,2009-07-15,177.14285278320312,183.42857360839844,175.92857360839844,182.14285278320312,1321654,,NSE
CUMMINSIND,2009-07-16,185.7142791748047,190.64285278320312,179.2857208251953,180.60714721679688,289739,,NSE
CUMMINSIND,2009-07-17,181.42857360839844,186.2857208251953,178.10714721679688,179.0,558076,,NSE
CUMMINSIND,2009-07-20,181.42857360839844,184.2142791748047,178.64285278320312,179.82142639160156,332683,,NSE
CUMMINSIND,2009-07-21,181.42857360839844,188.85714721679688,179.64285278320312,187.10714721679688,413893,,NSE
CUMMINSIND,2009-07-22,189.2857208251953,191.42857360839844,177.64285278320312,181.42857360839844,597734,,NSE
CUMMINSIND,2009-07-23,182.14285278320312,183.57142639160156,179.14285278320312,181.17857360839844,206386,,NSE
CUMMINSIND,2009-07-24,182.85714721679688,186.42857360839844,182.25,184.7142791748047,133550,,NSE
CUMMINSIND,2009-07-27,185.7142791748047,187.0357208251953,183.85714721679688,185.5357208251953,68048,,NSE
CUMMINSIND,2009-07-28,187.0357208251953,189.60714721679688,182.85714721679688,187.2142791748047,154840,,NSE
CUMMINSIND,2009-07-29,185.7142791748047,189.82142639160156,180.7142791748047,187.75,377766,,NSE
CUMMINSIND,2009-07-30,190.7142791748047,196.42857360839844,185.0357208251953,195.07142639160156,429861,,NSE
CUMMINSIND,2009-07-31,196.67857360839844,204.89285278320312,194.39285278320312,196.5,350973,,NSE
CUMMINSIND,2009-08-03,197.75,216.92857360839844,196.5357208251953,214.17857360839844,824560,,NSE
CUMMINSIND,2009-08-04,217.85714721679688,224.2857208251953,210.7142791748047,212.7142791748047,607583,,NSE
CUMMINSIND,2009-08-05,212.85714721679688,215.7142791748047,210.35714721679688,211.85714721679688,146342,,NSE
CUMMINSIND,2009-08-06,211.42857360839844,213.2142791748047,197.85714721679688,202.0357208251953,147810,,NSE
CUMMINSIND,2009-08-07,203.42857360839844,209.0357208251953,198.07142639160156,203.89285278320312,203544,,NSE
CUMMINSIND,2009-08-10,204.35714721679688,214.07142639160156,204.35714721679688,209.32142639160156,542351,,NSE
CUMMINSIND,2009-08-11,212.82142639160156,229.92857360839844,210.7857208251953,227.9642791748047,754254,,NSE
CUMMINSIND,2009-08-12,228.57142639160156,233.57142639160156,222.89285278320312,224.9642791748047,1335236,,NSE
CUMMINSIND,2009-08-13,225.0,240.7142791748047,225.0,236.4642791748047,894941,,NSE
CUMMINSIND,2009-08-14,235.7142791748047,242.67857360839844,231.42857360839844,240.9642791748047,571851,,NSE
CUMMINSIND,2009-08-17,238.35714721679688,247.85714721679688,230.10714721679688,233.67857360839844,435850,,NSE
CUMMINSIND,2009-08-18,237.2142791748047,239.14285278320312,228.57142639160156,234.17857360839844,235673,,NSE
CUMMINSIND,2009-08-19,235.0,238.14285278320312,220.0357208251953,225.7142791748047,462688,,NSE
CUMMINSIND,2009-08-20,231.32142639160156,232.5,220.75,222.10714721679688,377879,,NSE
CUMMINSIND,2009-08-21,228.57142639160156,228.57142639160156,219.2142791748047,222.85714721679688,526740,,NSE
CUMMINSIND,2009-08-24,225.10714721679688,239.2857208251953,222.5,236.32142639160156,621406,,NSE
CUMMINSIND,2009-08-25,237.14285278320312,237.85714721679688,230.0357208251953,234.57142639160156,680825,,NSE
CUMMINSIND,2009-08-26,235.14285278320312,241.7142791748047,234.64285278320312,238.5357208251953,336698,,NSE
CUMMINSIND,2009-08-27,235.7142791748047,238.57142639160156,229.2857208251953,232.5,441578,,NSE
CUMMINSIND,2009-08-28,229.2857208251953,247.85714721679688,224.17857360839844,239.5357208251953,447165,,NSE
CUMMINSIND,2009-08-31,239.25,245.0357208251953,236.4642791748047,242.10714721679688,288904,,NSE
CUMMINSIND,2009-09-01,242.85714721679688,248.2142791748047,236.7857208251953,244.5357208251953,465668,,NSE
CUMMINSIND,2009-09-02,246.42857360839844,249.64285278320312,235.89285278320312,237.10714721679688,439110,,NSE
CUMMINSIND,2009-09-03,239.2857208251953,246.42857360839844,234.42857360839844,236.0,457032,,NSE
CUMMINSIND,2009-09-04,237.85714721679688,241.2857208251953,233.07142639160156,235.7142791748047,132991,,NSE
CUMMINSIND,2009-09-07,237.2142791748047,241.32142639160156,236.42857360839844,237.07142639160156,262280,,NSE
CUMMINSIND,2009-09-08,240.0,246.07142639160156,238.7857208251953,240.4642791748047,450373,,NSE
CUMMINSIND,2009-09-09,240.0,244.2857208251953,238.57142639160156,238.89285278320312,213936,,NSE
CUMMINSIND,2009-09-10,244.2857208251953,244.2857208251953,238.9642791748047,239.4642791748047,302965,,NSE
CUMMINSIND,2009-09-11,241.2857208251953,242.0,233.89285278320312,234.89285278320312,88443,,NSE
CUMMINSIND,2009-09-14,235.7142791748047,245.60714721679688,231.7857208251953,243.25,272620,,NSE
CUMMINSIND,2009-09-15,242.89285278320312,266.78570556640625,242.89285278320312,263.25,951353,,NSE
CUMMINSIND,2009-09-16,266.4285583496094,266.4285583496094,253.9642791748047,257.28570556640625,583566,,NSE
CUMMINSIND,2009-09-17,263.5714416503906,274.0,255.7142791748047,270.1428527832031,519096,,NSE
CUMMINSIND,2009-09-18,267.5714416503906,270.0,258.6071472167969,260.6071472167969,331804,,NSE
CUMMINSIND,2009-09-22,261.4285583496094,269.3214416503906,260.71429443359375,266.1071472167969,183253,,NSE
CUMMINSIND,2009-09-23,267.1785583496094,267.8214416503906,260.0714416503906,264.6785583496094,339243,,NSE
CUMMINSIND,2009-09-24,260.71429443359375,267.0,239.07142639160156,260.03570556640625,659856,,NSE
CUMMINSIND,2009-09-25,259.71429443359375,264.1071472167969,255.07142639160156,256.25,146391,,NSE
CUMMINSIND,2009-09-29,260.0,260.0,250.07142639160156,251.17857360839844,240315,,NSE
CUMMINSIND,2009-09-30,255.7142791748047,260.0,248.2142791748047,249.67857360839844,413722,,NSE
CUMMINSIND,2009-10-01,247.14285278320312,253.5,237.32142639160156,251.17857360839844,208339,,NSE
CUMMINSIND,2009-10-05,252.14285278320312,257.0,247.17857360839844,248.64285278320312,345595,,NSE
CUMMINSIND,2009-10-06,252.14285278320312,252.85714721679688,243.35714721679688,251.39285278320312,418287,,NSE
CUMMINSIND,2009-10-07,252.14285278320312,256.3928527832031,247.92857360839844,250.17857360839844,411296,,NSE
CUMMINSIND,2009-10-08,255.7142791748047,261.8928527832031,252.85714721679688,259.5,414556,,NSE
CUMMINSIND,2009-10-09,260.71429443359375,265.6071472167969,258.1071472167969,260.0,219774,,NSE
CUMMINSIND,2009-10-12,258.03570556640625,267.5,258.03570556640625,266.1428527832031,243842,,NSE
CUMMINSIND,2009-10-13,264.53570556640625,264.53570556640625,264.53570556640625,264.53570556640625,0,,NSE
CUMMINSIND,2009-10-14,265.71429443359375,275.0,265.71429443359375,273.1071472167969,459330,,NSE
CUMMINSIND,2009-10-15,275.71429443359375,285.0,268.3214416503906,279.1428527832031,501312,,NSE
CUMMINSIND,2009-10-16,271.4285583496094,280.6785583496094,269.53570556640625,271.6785583496094,118007,,NSE
CUMMINSIND,2009-10-20,271.5714416503906,277.6428527832031,267.1428527832031,269.21429443359375,123256,,NSE
CUMMINSIND,2009-10-21,271.4285583496094,273.21429443359375,265.75,267.6428527832031,62307,,NSE
CUMMINSIND,2009-10-22,267.8571472167969,271.4285583496094,265.1428527832031,267.3928527832031,160071,,NSE
CUMMINSIND,2009-10-23,268.0714416503906,269.9285583496094,262.9285583496094,268.1785583496094,73004,,NSE
CUMMINSIND,2009-10-26,268.03570556640625,269.6071472167969,263.5714416503906,267.25,108155,,NSE
CUMMINSIND,2009-10-27,265.96429443359375,267.3571472167969,255.82142639160156,261.9285583496094,185899,,NSE
CUMMINSIND,2009-10-28,262.8571472167969,262.8571472167969,257.3214416503906,261.3214416503906,71626,,NSE
CUMMINSIND,2009-10-29,257.8571472167969,270.3214416503906,255.89285278320312,265.0714416503906,327525,,NSE
CUMMINSIND,2009-10-30,267.71429443359375,273.8571472167969,258.0,267.71429443359375,217074,,NSE
CUMMINSIND,2009-11-03,267.8571472167969,276.0,265.71429443359375,272.0714416503906,159577,,NSE
CUMMINSIND,2009-11-04,275.1785583496094,278.5714416503906,266.4285583496094,269.0,484260,,NSE
CUMMINSIND,2009-11-05,267.5,274.21429443359375,265.0,272.8571472167969,120442,,NSE
CUMMINSIND,2009-11-06,271.4285583496094,280.6428527832031,270.0,272.0,88352,,NSE
CUMMINSIND,2009-11-09,277.1428527832031,278.5714416503906,270.0,276.1071472167969,86395,,NSE
CUMMINSIND,2009-11-10,278.5714416503906,289.9285583496094,272.8571472167969,286.8214416503906,452691,,NSE
CUMMINSIND,2009-11-11,287.8214416503906,296.0714416503906,287.8214416503906,294.5714416503906,374757,,NSE
CUMMINSIND,2009-11-12,291.0714416503906,295.6428527832031,285.71429443359375,290.8571472167969,129193,,NSE
CUMMINSIND,2009-11-13,289.28570556640625,295.5,284.3571472167969,285.9285583496094,93595,,NSE
CUMMINSIND,2009-11-16,287.21429443359375,294.5714416503906,283.0714416503906,285.96429443359375,174718,,NSE
CUMMINSIND,2009-11-17,287.1428527832031,287.8571472167969,279.21429443359375,284.1071472167969,110889,,NSE
CUMMINSIND,2009-11-18,284.1071472167969,285.71429443359375,278.03570556640625,279.6071472167969,75436,,NSE
CUMMINSIND,2009-11-19,279.6071472167969,284.9285583496094,278.6071472167969,282.1428527832031,65163,,NSE
CUMMINSIND,2009-11-20,284.28570556640625,284.28570556640625,279.6428527832031,280.78570556640625,37039,,NSE
CUMMINSIND,2009-11-23,281.03570556640625,286.46429443359375,280.03570556640625,281.53570556640625,69692,,NSE
CUMMINSIND,2009-11-24,283.5714416503906,284.28570556640625,277.9285583496094,278.96429443359375,26548,,NSE
CUMMINSIND,2009-11-25,281.0714416503906,283.4285583496094,275.0714416503906,277.78570556640625,36565,,NSE
CUMMINSIND,2009-11-26,278.5714416503906,280.4285583496094,267.4285583496094,267.9285583496094,1205208,,NSE
CUMMINSIND,2009-11-27,268.5714416503906,273.21429443359375,261.4285583496094,271.5,101869,,NSE
CUMMINSIND,2009-11-30,268.9285583496094,280.4285583496094,268.9285583496094,279.1785583496094,54863,,NSE
CUMMINSIND,2009-12-01,280.4285583496094,281.3928527832031,276.5,279.21429443359375,78653,,NSE
CUMMINSIND,2009-12-02,280.6071472167969,282.8571472167969,277.1428527832031,278.8928527832031,50080,,NSE
CUMMINSIND,2009-12-03,280.0,285.0,280.0,282.1071472167969,158548,,NSE
CUMMINSIND,2009-12-04,278.75,292.5,273.78570556640625,283.96429443359375,296347,,NSE
CUMMINSIND,2009-12-07,283.96429443359375,295.71429443359375,283.96429443359375,291.6071472167969,215299,,NSE
CUMMINSIND,2009-12-08,297.21429443359375,303.5,293.5,294.4285583496094,191034,,NSE
CUMMINSIND,2009-12-09,287.6785583496094,295.0,287.6785583496094,289.96429443359375,408067,,NSE
CUMMINSIND,2009-12-10,292.4285583496094,292.8571472167969,287.5,290.53570556640625,59817,,NSE
CUMMINSIND,2009-12-11,295.6785583496094,295.6785583496094,288.96429443359375,290.1071472167969,95142,,NSE
CUMMINSIND,2009-12-14,287.8571472167969,292.71429443359375,280.1785583496094,291.9285583496094,141383,,NSE
CUMMINSIND,2009-12-15,290.6071472167969,294.6428527832031,286.5,288.9285583496094,1295320,,NSE
CUMMINSIND,2009-12-16,292.8571472167969,292.8571472167969,287.1428527832031,289.25,131287,,NSE
CUMMINSIND,2009-12-17,289.25,296.3214416503906,286.4285583496094,292.03570556640625,179939,,NSE
CUMMINSIND,2009-12-18,292.8571472167969,292.8571472167969,283.6428527832031,289.03570556640625,121436,,NSE
CUMMINSIND,2009-12-21,286.4285583496094,292.8571472167969,282.96429443359375,284.46429443359375,122382,,NSE
CUMMINSIND,2009-12-22,284.6785583496094,289.21429443359375,283.6071472167969,285.78570556640625,108007,,NSE
CUMMINSIND,2009-12-23,287.1428527832031,292.75,285.71429443359375,290.03570556640625,137985,,NSE
CUMMINSIND,2009-12-24,292.8571472167969,294.9285583496094,288.5714416503906,289.96429443359375,55897,,NSE
CUMMINSIND,2009-12-29,292.0714416503906,294.25,289.25,292.5714416503906,76335,,NSE
CUMMINSIND,2009-12-30,292.0,305.71429443359375,291.5,301.5,218514,,NSE
CUMMINSIND,2009-12-31,307.0,313.3571472167969,296.4285583496094,307.6428527832031,399422,,NSE
CUMMINSIND,2010-01-04,306.4285583496094,309.78570556640625,303.5714416503906,304.96429443359375,67958,,NSE
CUMMINSIND,2010-01-05,307.1428527832031,308.5714416503906,300.5,303.1428527832031,39729,,NSE
CUMMINSIND,2010-01-06,304.28570556640625,314.28570556640625,302.1428527832031,311.8928527832031,150144,,NSE
CUMMINSIND,2010-01-07,310.8928527832031,314.3214416503906,304.6428527832031,306.5,158403,,NSE
CUMMINSIND,2010-01-08,310.0,321.21429443359375,305.03570556640625,317.78570556640625,803749,,NSE
CUMMINSIND,2010-01-11,320.1785583496094,320.1785583496094,311.4285583496094,314.6071472167969,338051,,NSE
CUMMINSIND,2010-01-12,314.28570556640625,319.1071472167969,308.6428527832031,311.3214416503906,179736,,NSE
CUMMINSIND,2010-01-13,310.71429443359375,316.3571472167969,305.0714416503906,313.5714416503906,277775,,NSE
CUMMINSIND,2010-01-14,314.28570556640625,321.4285583496094,310.8214416503906,319.0714416503906,299189,,NSE
CUMMINSIND,2010-01-15,318.0714416503906,324.28570556640625,312.21429443359375,314.28570556640625,615928,,NSE
CUMMINSIND,2010-01-18,324.21429443359375,327.78570556640625,312.9285583496094,322.78570556640625,179771,,NSE
CUMMINSIND,2010-01-19,323.6785583496094,325.0,316.5714416503906,318.25,115078,,NSE
CUMMINSIND,2010-01-20,315.78570556640625,322.0714416503906,314.28570556640625,319.1071472167969,59066,,NSE
CUMMINSIND,2010-01-21,317.8571472167969,321.3571472167969,311.3214416503906,314.5,195104,,NSE
CUMMINSIND,2010-01-22,314.28570556640625,314.28570556640625,305.0,312.4285583496094,47150,,NSE
CUMMINSIND,2010-01-25,307.1428527832031,312.8571472167969,305.0,310.4285583496094,61283,,NSE
CUMMINSIND,2010-01-27,308.6785583496094,333.9285583496094,307.25,318.1785583496094,1021563,,NSE
CUMMINSIND,2010-01-28,321.4285583496094,328.46429443359375,316.4285583496094,319.8571472167969,206442,,NSE
CUMMINSIND,2010-01-29,312.5714416503906,324.8571472167969,309.71429443359375,321.6428527832031,489848,,NSE
CUMMINSIND,2010-02-01,324.4285583496094,339.5714416503906,317.1428527832031,336.6785583496094,338227,,NSE
CUMMINSIND,2010-02-02,335.71429443359375,342.5714416503906,327.1785583496094,329.1785583496094,152618,,NSE
CUMMINSIND,2010-02-03,335.5,342.8571472167969,330.1428527832031,341.3214416503906,145517,,NSE
CUMMINSIND,2010-02-04,339.28570556640625,347.5,330.71429443359375,335.0714416503906,238812,,NSE
CUMMINSIND,2010-02-05,314.46429443359375,348.03570556640625,314.46429443359375,334.25,95957,,NSE
CUMMINSIND,2010-02-08,330.8214416503906,345.3214416503906,329.28570556640625,331.5714416503906,161799,,NSE
CUMMINSIND,2010-02-09,342.4285583496094,342.4285583496094,328.5714416503906,334.9285583496094,98323,,NSE
CUMMINSIND,2010-02-10,330.8928527832031,338.53570556640625,327.21429443359375,328.53570556640625,128151,,NSE
CUMMINSIND,2010-02-11,329.28570556640625,338.5714416503906,325.96429443359375,328.78570556640625,187146,,NSE
CUMMINSIND,2010-02-15,330.71429443359375,332.78570556640625,321.46429443359375,322.3928527832031,79102,,NSE
CUMMINSIND,2010-02-16,326.78570556640625,332.1428527832031,319.0,330.96429443359375,193506,,NSE
CUMMINSIND,2010-02-17,332.6428527832031,338.3571472167969,328.6785583496094,335.9285583496094,122241,,NSE
CUMMINSIND,2010-02-18,336.8928527832031,344.8571472167969,335.03570556640625,340.5,122563,,NSE
CUMMINSIND,2010-02-19,338.9285583496094,345.71429443359375,332.8571472167969,338.03570556640625,206144,,NSE
CUMMINSIND,2010-02-22,338.5714416503906,338.5714416503906,323.0,324.0714416503906,217236,,NSE
CUMMINSIND,2010-02-23,323.5714416503906,326.4285583496094,317.1428527832031,318.1428527832031,72073,,NSE
CUMMINSIND,2010-02-24,317.46429443359375,323.53570556640625,312.21429443359375,322.5,321987,,NSE
CUMMINSIND,2010-02-25,325.0,327.1071472167969,321.4285583496094,325.5714416503906,176402,,NSE
CUMMINSIND,2010-02-26,320.8571472167969,332.1428527832031,316.0714416503906,325.8928527832031,76895,,NSE
CUMMINSIND,2010-03-02,328.5714416503906,334.8214416503906,326.4285583496094,333.25,110331,,NSE
CUMMINSIND,2010-03-03,333.25,338.53570556640625,330.78570556640625,334.1785583496094,61787,,NSE
CUMMINSIND,2010-03-04,335.0714416503906,339.1428527832031,331.6071472167969,337.78570556640625,79031,,NSE
CUMMINSIND,2010-03-05,339.28570556640625,339.3214416503906,334.3928527832031,337.6785583496094,53601,,NSE
CUMMINSIND,2010-03-08,340.71429443359375,345.3571472167969,333.5714416503906,342.6071472167969,299595,,NSE
CUMMINSIND,2010-03-09,339.46429443359375,347.5,335.1785583496094,336.0,206470,,NSE
CUMMINSIND,2010-03-10,338.5,342.71429443359375,335.0,337.75,364767,,NSE
CUMMINSIND,2010-03-11,342.8571472167969,342.8571472167969,330.8928527832031,337.8214416503906,500444,,NSE
CUMMINSIND,2010-03-12,338.5,342.1428527832031,334.3571472167969,339.28570556640625,413701,,NSE
CUMMINSIND,2010-03-15,340.0,342.8571472167969,334.28570556640625,339.1071472167969,109177,,NSE
CUMMINSIND,2010-03-16,339.25,341.3571472167969,335.0,339.0,75922,,NSE
CUMMINSIND,2010-03-17,340.71429443359375,344.0714416503906,333.9285583496094,339.28570556640625,851877,,NSE
CUMMINSIND,2010-03-18,336.4285583496094,351.0714416503906,336.4285583496094,348.6785583496094,617240,,NSE
CUMMINSIND,2010-03-19,350.0,362.6428527832031,350.0,358.4285583496094,388278,,NSE
CUMMINSIND,2010-03-22,358.6071472167969,360.0,352.9285583496094,356.1785583496094,393724,,NSE
CUMMINSIND,2010-03-23,353.5714416503906,363.8571472167969,353.5714416503906,360.8214416503906,376838,,NSE
CUMMINSIND,2010-03-25,360.5714416503906,365.3571472167969,356.4285583496094,361.9285583496094,533239,,NSE
CUMMINSIND,2010-03-26,360.78570556640625,367.71429443359375,358.3214416503906,362.0,186974,,NSE
CUMMINSIND,2010-03-29,362.1428527832031,371.78570556640625,352.8928527832031,363.8214416503906,246173,,NSE
CUMMINSIND,2010-03-30,364.3214416503906,368.9285583496094,362.9285583496094,366.1428527832031,189459,,NSE
CUMMINSIND,2010-03-31,366.4285583496094,369.1785583496094,363.28570556640625,366.6428527832031,190030,,NSE
CUMMINSIND,2010-04-01,362.8571472167969,366.4285583496094,358.28570556640625,363.78570556640625,104872,,NSE
CUMMINSIND,2010-04-05,361.5,373.5,361.5,371.8214416503906,82563,,NSE
CUMMINSIND,2010-04-06,370.3928527832031,380.3928527832031,370.0,377.1428527832031,231088,,NSE
CUMMINSIND,2010-04-07,381.53570556640625,381.53570556640625,372.21429443359375,374.8214416503906,90328,,NSE
CUMMINSIND,2010-04-08,375.71429443359375,377.71429443359375,368.3571472167969,374.3571472167969,64520,,NSE
CUMMINSIND,2010-04-09,377.8571472167969,380.0,375.03570556640625,377.9285583496094,42058,,NSE
CUMMINSIND,2010-04-12,377.1428527832031,379.28570556640625,371.46429443359375,372.6428527832031,37339,,NSE
CUMMINSIND,2010-04-13,371.4285583496094,375.5714416503906,368.25,369.6785583496094,258539,,NSE
CUMMINSIND,2010-04-15,373.9285583496094,383.3571472167969,372.25,378.1428527832031,509472,,NSE
CUMMINSIND,2010-04-16,378.5714416503906,383.4285583496094,376.5714416503906,378.5714416503906,149531,,NSE
CUMMINSIND,2010-04-19,375.71429443359375,377.1428527832031,367.96429443359375,371.6785583496094,59304,,NSE
CUMMINSIND,2010-04-20,376.4285583496094,384.1428527832031,371.4285583496094,378.3214416503906,801172,,NSE
CUMMINSIND,2010-04-21,379.28570556640625,389.28570556640625,378.6428527832031,382.8928527832031,171746,,NSE
CUMMINSIND,2010-04-22,382.8571472167969,384.28570556640625,378.5714416503906,381.3214416503906,109057,,NSE
CUMMINSIND,2010-04-23,380.6428527832031,384.5714416503906,377.78570556640625,380.46429443359375,109569,,NSE
CUMMINSIND,2010-04-26,378.5714416503906,382.1071472167969,368.3571472167969,370.71429443359375,163450,,NSE
CUMMINSIND,2010-04-27,367.8571472167969,369.96429443359375,362.1428527832031,368.6071472167969,144695,,NSE
CUMMINSIND,2010-04-28,368.9285583496094,385.3571472167969,356.6071472167969,382.8928527832031,523755,,NSE
CUMMINSIND,2010-04-29,385.0,420.71429443359375,385.0,412.96429443359375,1078442,,NSE
CUMMINSIND,2010-04-30,415.0,417.1428527832031,399.03570556640625,409.03570556640625,602817,,NSE
CUMMINSIND,2010-05-03,411.3214416503906,415.5,403.5714416503906,406.6071472167969,313205,,NSE
CUMMINSIND,2010-05-04,410.6428527832031,414.28570556640625,405.0714416503906,408.0,166366,,NSE
CUMMINSIND,2010-05-05,401.4285583496094,408.0,400.0714416503906,404.53570556640625,181976,,NSE
CUMMINSIND,2010-05-06,403.5714416503906,410.0,396.53570556640625,402.96429443359375,122707,,NSE
CUMMINSIND,2010-05-07,400.0,407.0,394.3571472167969,401.53570556640625,130503,,NSE
CUMMINSIND,2010-05-10,403.5714416503906,407.1428527832031,400.71429443359375,402.8571472167969,144083,,NSE
CUMMINSIND,2010-05-11,405.6428527832031,415.0,397.25,400.78570556640625,309183,,NSE
CUMMINSIND,2010-05-12,401.0714416503906,412.8571472167969,391.4285583496094,407.5,508659,,NSE
CUMMINSIND,2010-05-13,410.71429443359375,413.9285583496094,401.28570556640625,411.3928527832031,149290,,NSE
CUMMINSIND,2010-05-14,412.1428527832031,414.28570556640625,405.0,412.0,168602,,NSE
CUMMINSIND,2010-05-17,399.6428527832031,408.5714416503906,399.28570556640625,402.28570556640625,90231,,NSE
CUMMINSIND,2010-05-18,402.8214416503906,417.75,402.1428527832031,413.6428527832031,691710,,NSE
CUMMINSIND,2010-05-19,410.0,411.3214416503906,400.9285583496094,406.4285583496094,101787,,NSE
CUMMINSIND,2010-05-20,407.1428527832031,409.6071472167969,401.4285583496094,405.1428527832031,245043,,NSE
CUMMINSIND,2010-05-21,396.4285583496094,410.6428527832031,390.71429443359375,406.78570556640625,136484,,NSE
CUMMINSIND,2010-05-24,407.1428527832031,412.6071472167969,402.3214416503906,405.8214416503906,98110,,NSE
CUMMINSIND,2010-05-25,403.5714416503906,403.5714416503906,383.6071472167969,388.03570556640625,181092,,NSE
CUMMINSIND,2010-05-26,390.71429443359375,392.1428527832031,375.71429443359375,382.8928527832031,285184,,NSE
CUMMINSIND,2010-05-27,367.96429443359375,391.78570556640625,367.96429443359375,387.6428527832031,259319,,NSE
CUMMINSIND,2010-05-28,389.28570556640625,404.8571472167969,380.0,401.8928527832031,144592,,NSE
CUMMINSIND,2010-05-31,396.4285583496094,404.28570556640625,392.5,401.5714416503906,94676,,NSE
CUMMINSIND,2010-06-01,402.1428527832031,405.71429443359375,392.8928527832031,397.71429443359375,279861,,NSE
CUMMINSIND,2010-06-02,402.8571472167969,402.8571472167969,388.6071472167969,393.8571472167969,135594,,NSE
CUMMINSIND,2010-06-03,399.9285583496094,400.0,393.6428527832031,394.8571472167969,52190,,NSE
CUMMINSIND,2010-06-04,395.0,400.0,391.4285583496094,397.6785583496094,150808,,NSE
CUMMINSIND,2010-06-07,393.21429443359375,399.28570556640625,386.1785583496094,396.4285583496094,257366,,NSE
CUMMINSIND,2010-06-08,399.25,407.25,396.78570556640625,404.6071472167969,184217,,NSE
CUMMINSIND,2010-06-09,415.0,422.9285583496094,407.1785583496094,417.9285583496094,466883,,NSE
CUMMINSIND,2010-06-10,418.5714416503906,426.0714416503906,417.8571472167969,423.71429443359375,1275131,,NSE
CUMMINSIND,2010-06-11,427.1428527832031,427.8571472167969,417.9285583496094,424.9285583496094,308896,,NSE
CUMMINSIND,2010-06-14,421.4285583496094,427.8571472167969,417.96429443359375,419.71429443359375,112632,,NSE
CUMMINSIND,2010-06-15,421.4285583496094,422.1428527832031,410.75,411.96429443359375,443296,,NSE
CUMMINSIND,2010-06-16,413.5714416503906,422.5,410.78570556640625,420.1071472167969,670080,,NSE
CUMMINSIND,2010-06-17,424.78570556640625,438.5714416503906,421.5,433.4285583496094,1078026,,NSE
CUMMINSIND,2010-06-18,446.4285583496094,446.4285583496094,423.1428527832031,428.28570556640625,935565,,NSE
CUMMINSIND,2010-06-21,435.53570556640625,437.0714416503906,427.8571472167969,429.8571472167969,222618,,NSE
CUMMINSIND,2010-06-22,425.75,429.21429443359375,422.3928527832031,423.78570556640625,120629,,NSE
CUMMINSIND,2010-06-23,422.6785583496094,431.3571472167969,420.03570556640625,422.6785583496094,280365,,NSE
CUMMINSIND,2010-06-24,422.8571472167969,425.0,414.3928527832031,416.71429443359375,201306,,NSE
CUMMINSIND,2010-06-25,418.6428527832031,419.53570556640625,403.6428527832031,407.6071472167969,107255,,NSE
CUMMINSIND,2010-06-28,411.71429443359375,421.4285583496094,409.28570556640625,419.5,238616,,NSE
CUMMINSIND,2010-06-29,424.28570556640625,428.5714416503906,421.5714416503906,425.3571472167969,313926,,NSE
CUMMINSIND,2010-06-30,421.4285583496094,429.1071472167969,420.71429443359375,426.6071472167969,293262,,NSE
CUMMINSIND,2010-07-01,421.4285583496094,428.5714416503906,420.0714416503906,426.75,84814,,NSE
CUMMINSIND,2010-07-02,426.3214416503906,427.8571472167969,420.0,423.71429443359375,103139,,NSE
CUMMINSIND,2010-07-05,420.3571472167969,430.0,415.78570556640625,427.25,160504,,NSE
CUMMINSIND,2010-07-06,427.8571472167969,428.9285583496094,422.1428527832031,425.1785583496094,169090,,NSE
CUMMINSIND,2010-07-07,426.4285583496094,428.9285583496094,421.78570556640625,427.75,329123,,NSE
CUMMINSIND,2010-07-08,432.1428527832031,435.5714416503906,425.3571472167969,431.3571472167969,477838,,NSE
CUMMINSIND,2010-07-09,433.5714416503906,435.3571472167969,424.3214416503906,427.25,202319,,NSE
CUMMINSIND,2010-07-12,430.0,430.71429443359375,426.4285583496094,428.4285583496094,247507,,NSE
CUMMINSIND,2010-07-13,429.96429443359375,432.8214416503906,425.1785583496094,430.5714416503906,86144,,NSE
CUMMINSIND,2010-07-14,432.1428527832031,432.8214416503906,424.3214416503906,426.5,115024,,NSE
CUMMINSIND,2010-07-15,428.5,428.5,415.71429443359375,425.28570556640625,95268,,NSE
CUMMINSIND,2010-07-16,425.0,426.8571472167969,418.6071472167969,421.1785583496094,147737,,NSE
CUMMINSIND,2010-07-19,417.1428527832031,422.8928527832031,416.4285583496094,421.28570556640625,78587,,NSE
CUMMINSIND,2010-07-20,417.8571472167969,425.71429443359375,417.8571472167969,422.25,183352,,NSE
CUMMINSIND,2010-07-21,428.3928527832031,428.5,420.03570556640625,422.28570556640625,73297,,NSE
CUMMINSIND,2010-07-22,422.6785583496094,428.5714416503906,419.3571472167969,426.0714416503906,146245,,NSE
CUMMINSIND,2010-07-23,426.0714416503906,428.5714416503906,421.53570556640625,425.1785583496094,161032,,NSE
CUMMINSIND,2010-07-26,428.4285583496094,428.4285583496094,415.1071472167969,421.21429443359375,158999,,NSE
CUMMINSIND,2010-07-27,420.71429443359375,421.6071472167969,416.46429443359375,420.71429443359375,101840,,NSE
CUMMINSIND,2010-07-28,422.25,445.3928527832031,421.8571472167969,439.46429443359375,866149,,NSE
CUMMINSIND,2010-07-29,439.46429443359375,442.8571472167969,433.5714416503906,438.28570556640625,384220,,NSE
CUMMINSIND,2010-07-30,439.71429443359375,459.03570556640625,437.1428527832031,454.5714416503906,345686,,NSE
CUMMINSIND,2010-08-02,464.0714416503906,464.0714416503906,446.8571472167969,450.1785583496094,537810,,NSE
CUMMINSIND,2010-08-03,454.5714416503906,457.1428527832031,446.53570556640625,453.71429443359375,220213,,NSE
CUMMINSIND,2010-08-04,456.96429443359375,456.96429443359375,451.78570556640625,455.5,164080,,NSE
CUMMINSIND,2010-08-05,451.4285583496094,459.96429443359375,450.71429443359375,452.8928527832031,275892,,NSE
CUMMINSIND,2010-08-06,455.6428527832031,457.8571472167969,429.75,454.03570556640625,240286,,NSE
CUMMINSIND,2010-08-09,455.28570556640625,459.96429443359375,451.46429443359375,455.9285583496094,141982,,NSE
CUMMINSIND,2010-08-10,455.71429443359375,466.4285583496094,454.3571472167969,458.6785583496094,311463,,NSE
CUMMINSIND,2010-08-11,459.8571472167969,465.0,454.3571472167969,456.3571472167969,127306,,NSE
CUMMINSIND,2010-08-12,456.21429443359375,474.8214416503906,450.71429443359375,469.9285583496094,754798,,NSE
CUMMINSIND,2010-08-13,471.4285583496094,486.8928527832031,465.6071472167969,480.1071472167969,352437,,NSE
CUMMINSIND,2010-08-16,484.28570556640625,512.8571166992188,482.1428527832031,510.78570556640625,793497,,NSE
CUMMINSIND,2010-08-17,506.5714416503906,522.1428833007812,506.5,509.6071472167969,494785,,NSE
CUMMINSIND,2010-08-18,513.0,520.0,507.9285583496094,510.0714416503906,179082,,NSE
CUMMINSIND,2010-08-19,510.71429443359375,516.6071166992188,508.9285583496094,510.3928527832031,226161,,NSE
CUMMINSIND,2010-08-20,512.4285888671875,514.0714111328125,500.71429443359375,508.3928527832031,123799,,NSE
CUMMINSIND,2010-08-23,510.1428527832031,510.4285583496094,497.3214416503906,501.8214416503906,287035,,NSE
CUMMINSIND,2010-08-24,501.8214416503906,504.25,494.28570556640625,498.6071472167969,442897,,NSE
CUMMINSIND,2010-08-25,493.0,508.1428527832031,473.28570556640625,498.3571472167969,173250,,NSE
CUMMINSIND,2010-08-26,499.0714416503906,510.71429443359375,489.28570556640625,506.25,214824,,NSE
CUMMINSIND,2010-08-27,512.8571166992188,527.7142944335938,507.9285583496094,520.9642944335938,799940,,NSE
CUMMINSIND,2010-08-30,522.8571166992188,540.7142944335938,515.9285888671875,518.9285888671875,345475,,NSE
CUMMINSIND,2010-08-31,518.5714111328125,528.5714111328125,513.2142944335938,526.7857055664062,157997,,NSE
CUMMINSIND,2010-09-01,532.1428833007812,534.6428833007812,521.4285888671875,523.9285888671875,238379,,NSE
CUMMINSIND,2010-09-02,528.5714111328125,529.2857055664062,519.3571166992188,523.2142944335938,147162,,NSE
CUMMINSIND,2010-09-03,520.8571166992188,528.4285888671875,514.4285888671875,521.7857055664062,249236,,NSE
CUMMINSIND,2010-09-06,523.9285888671875,528.5357055664062,522.1428833007812,524.0357055664062,237976,,NSE
CUMMINSIND,2010-09-07,524.0357055664062,527.0357055664062,512.3214111328125,517.7142944335938,187122,,NSE
CUMMINSIND,2010-09-08,521.2857055664062,527.1071166992188,513.5714111328125,522.7142944335938,342409,,NSE
CUMMINSIND,2010-09-09,526.3928833007812,532.1428833007812,523.6071166992188,526.5,285653,,NSE
CUMMINSIND,2010-09-13,532.1428833007812,534.6428833007812,525.0714111328125,530.9285888671875,272067,,NSE
CUMMINSIND,2010-09-14,531.1071166992188,541.6428833007812,525.0,531.8571166992188,541468,,NSE
CUMMINSIND,2010-09-15,532.1428833007812,535.2857055664062,525.1428833007812,528.3571166992188,110520,,NSE
CUMMINSIND,2010-09-16,529.2857055664062,534.1428833007812,518.0357055664062,519.75,125053,,NSE
CUMMINSIND,2010-09-17,521.1071166992188,536.2142944335938,518.5714111328125,532.5714111328125,158491,,NSE
CUMMINSIND,2010-09-20,532.5714111328125,537.6785888671875,528.6428833007812,536.1785888671875,183918,,NSE
CUMMINSIND,2010-09-21,535.7857055664062,549.1428833007812,525.0,535.7857055664062,334175,,NSE
CUMMINSIND,2010-09-22,537.0714111328125,542.4285888671875,528.6071166992188,534.6071166992188,185207,,NSE
CUMMINSIND,2010-09-23,534.2857055664062,537.1428833007812,528.5714111328125,534.8928833007812,110202,,NSE
CUMMINSIND,2010-09-24,534.75,538.25,531.4642944335938,534.0,93718,,NSE
CUMMINSIND,2010-09-27,540.8571166992188,542.1428833007812,532.8571166992188,535.7142944335938,191304,,NSE
CUMMINSIND,2010-09-28,535.7142944335938,542.1428833007812,532.1428833007812,537.7857055664062,132630,,NSE
CUMMINSIND,2010-09-29,537.7857055664062,542.1428833007812,532.1428833007812,533.5,110528,,NSE
CUMMINSIND,2010-09-30,537.8571166992188,537.8571166992188,518.5714111328125,525.5714111328125,364826,,NSE
CUMMINSIND,2010-10-01,526.4285888671875,535.6428833007812,524.6428833007812,531.9642944335938,127377,,NSE
CUMMINSIND,2010-10-04,532.3214111328125,538.5714111328125,526.4642944335938,527.7142944335938,393241,,NSE
CUMMINSIND,2010-10-05,527.7142944335938,531.4285888671875,524.5,528.2857055664062,113341,,NSE
CUMMINSIND,2010-10-06,528.5714111328125,531.3571166992188,522.1785888671875,526.3214111328125,221797,,NSE
CUMMINSIND,2010-10-07,527.1428833007812,535.0,521.7857055664062,523.4642944335938,326704,,NSE
CUMMINSIND,2010-10-08,527.1428833007812,527.1428833007812,520.2142944335938,521.6785888671875,114577,,NSE
CUMMINSIND,2010-10-11,532.1428833007812,532.1428833007812,521.5,530.0,156902,,NSE
CUMMINSIND,2010-10-12,530.0714111328125,530.7142944335938,518.8928833007812,522.3571166992188,131433,,NSE
CUMMINSIND,2010-10-13,526.3571166992188,535.7142944335938,521.5714111328125,531.6071166992188,286951,,NSE
CUMMINSIND,2010-10-14,532.8571166992188,538.5714111328125,523.0,525.5,195445,,NSE
CUMMINSIND,2010-10-15,526.5357055664062,533.5,515.0714111328125,519.4285888671875,158764,,NSE
CUMMINSIND,2010-10-18,522.1428833007812,523.0357055664062,505.5,519.3214111328125,279384,,NSE
CUMMINSIND,2010-10-19,521.4285888671875,526.1428833007812,516.4285888671875,518.3928833007812,70697,,NSE
CUMMINSIND,2010-10-20,516.4642944335938,526.75,516.4285888671875,524.7142944335938,142104,,NSE
CUMMINSIND,2010-10-21,522.8571166992188,528.5,521.4285888671875,523.5357055664062,102702,,NSE
CUMMINSIND,2010-10-22,522.75,533.4285888671875,522.75,529.1785888671875,137741,,NSE
CUMMINSIND,2010-10-25,532.1428833007812,535.8214111328125,530.7857055664062,533.9642944335938,46306,,NSE
CUMMINSIND,2010-10-26,540.3571166992188,541.4285888671875,534.5714111328125,535.6428833007812,291043,,NSE
CUMMINSIND,2010-10-27,540.0,540.7142944335938,524.6428833007812,527.3928833007812,352954,,NSE
CUMMINSIND,2010-10-28,539.2857055664062,565.7142944335938,539.2857055664062,555.1071166992188,1293992,,NSE
CUMMINSIND,2010-10-29,555.0,572.8571166992188,551.4285888671875,567.6071166992188,672470,,NSE
CUMMINSIND,2010-11-01,578.4642944335938,578.5,565.1428833007812,574.25,239367,,NSE
CUMMINSIND,2010-11-02,575.7142944335938,577.1428833007812,564.6428833007812,567.8214111328125,107461,,NSE
CUMMINSIND,2010-11-03,571.4285888671875,575.0,567.9285888671875,569.7142944335938,93599,,NSE
CUMMINSIND,2010-11-04,574.2857055664062,575.0,565.7142944335938,566.6428833007812,115969,,NSE
CUMMINSIND,2010-11-08,571.3214111328125,573.3928833007812,559.3571166992188,565.9642944335938,75644,,NSE
CUMMINSIND,2010-11-09,568.4642944335938,574.2857055664062,560.7142944335938,571.25,173275,,NSE
CUMMINSIND,2010-11-10,572.8571166992188,576.9642944335938,567.9285888671875,572.7142944335938,190414,,NSE
CUMMINSIND,2010-11-11,575.0,576.3928833007812,562.1428833007812,564.1071166992188,148292,,NSE
CUMMINSIND,2010-11-12,555.6785888671875,574.9285888671875,548.6071166992188,554.8571166992188,135842,,NSE
CUMMINSIND,2010-11-15,556.25,557.1428833007812,546.4642944335938,553.8214111328125,88376,,NSE
CUMMINSIND,2010-11-16,550.1071166992188,563.5714111328125,540.0,550.5714111328125,424613,,NSE
CUMMINSIND,2010-11-18,553.6428833007812,562.8571166992188,525.7857055664062,552.9642944335938,187283,,NSE
CUMMINSIND,2010-11-19,551.3928833007812,562.75,547.1428833007812,551.5,89128,,NSE
CUMMINSIND,2010-11-22,550.7142944335938,554.0714111328125,540.7142944335938,550.0357055664062,108523,,NSE
CUMMINSIND,2010-11-23,553.7857055664062,557.8571166992188,541.0714111328125,554.1428833007812,94901,,NSE
CUMMINSIND,2010-11-24,555.7142944335938,556.75,540.0714111328125,543.0357055664062,106282,,NSE
CUMMINSIND,2010-11-25,545.7142944335938,554.2857055664062,530.7142944335938,539.9285888671875,185066,,NSE
CUMMINSIND,2010-11-26,541.4285888671875,547.1428833007812,495.0,541.7857055664062,349840,,NSE
CUMMINSIND,2010-11-29,542.8571166992188,553.5714111328125,529.3571166992188,548.5357055664062,100759,,NSE
CUMMINSIND,2010-11-30,535.0,573.0714111328125,535.0,568.0357055664062,228373,,NSE
CUMMINSIND,2010-12-01,573.75,577.1428833007812,561.5714111328125,564.9285888671875,136339,,NSE
CUMMINSIND,2010-12-02,565.0714111328125,573.4285888671875,561.1785888671875,563.5357055664062,60093,,NSE
CUMMINSIND,2010-12-03,565.7142944335938,569.9285888671875,556.6428833007812,561.7142944335938,45220,,NSE
CUMMINSIND,2010-12-06,562.8571166992188,565.7142944335938,557.8571166992188,559.2142944335938,39580,,NSE
CUMMINSIND,2010-12-07,558.5357055664062,558.5714111328125,547.1428833007812,549.3214111328125,222682,,NSE
CUMMINSIND,2010-12-08,550.0,555.1071166992188,545.0,548.5357055664062,42005,,NSE
CUMMINSIND,2010-12-09,543.7142944335938,552.8571166992188,513.5714111328125,533.1071166992188,318124,,NSE
CUMMINSIND,2010-12-10,532.1428833007812,563.3571166992188,522.8928833007812,544.0,528704,,NSE
CUMMINSIND,2010-12-13,544.2857055664062,554.25,542.8571166992188,549.9642944335938,212146,,NSE
CUMMINSIND,2010-12-14,553.5714111328125,554.5714111328125,542.8571166992188,545.0357055664062,26560,,NSE
CUMMINSIND,2010-12-15,546.3928833007812,550.0,539.2142944335938,543.2857055664062,122077,,NSE
CUMMINSIND,2010-12-16,549.2857055664062,549.2857055664062,539.0714111328125,545.0,67925,,NSE
CUMMINSIND,2010-12-20,545.0,548.6071166992188,539.3571166992188,542.0714111328125,540974,,NSE
CUMMINSIND,2010-12-21,545.7142944335938,547.75,539.2857055664062,540.25,24215,,NSE
CUMMINSIND,2010-12-22,543.5714111328125,543.5714111328125,530.0,532.5714111328125,73427,,NSE
CUMMINSIND,2010-12-23,533.5714111328125,541.3571166992188,522.8571166992188,527.6071166992188,166103,,NSE
CUMMINSIND,2010-12-24,529.9642944335938,542.8571166992188,522.8571166992188,536.8928833007812,147925,,NSE
CUMMINSIND,2010-12-27,539.2142944335938,542.7142944335938,530.0,534.3928833007812,96301,,NSE
CUMMINSIND,2010-12-28,532.1428833007812,535.6785888671875,525.0,532.75,234924,,NSE
CUMMINSIND,2010-12-29,533.7857055664062,549.2857055664062,531.7142944335938,546.7857055664062,125511,,NSE
CUMMINSIND,2010-12-30,549.2857055664062,553.7857055664062,540.7857055664062,549.8214111328125,173405,,NSE
CUMMINSIND,2010-12-31,553.5714111328125,574.0714111328125,548.0,561.3928833007812,332600,,NSE
CUMMINSIND,2011-01-03,575.2142944335938,575.2142944335938,550.7142944335938,552.6428833007812,211758,,NSE
CUMMINSIND,2011-01-04,554.0714111328125,554.7857055664062,542.9285888671875,546.0714111328125,147929,,NSE
CUMMINSIND,2011-01-05,544.5,552.6428833007812,540.2142944335938,545.4285888671875,106806,,NSE
CUMMINSIND,2011-01-06,548.5714111328125,548.5714111328125,539.3928833007812,540.6071166992188,61251,,NSE
CUMMINSIND,2011-01-07,539.25,541.2857055664062,527.1785888671875,531.0357055664062,185735,,NSE
CUMMINSIND,2011-01-10,532.1428833007812,535.7142944335938,518.2142944335938,529.2142944335938,112355,,NSE
CUMMINSIND,2011-01-11,525.0714111328125,537.1428833007812,512.8571166992188,531.5357055664062,114580,,NSE
CUMMINSIND,2011-01-12,539.0714111328125,539.0714111328125,523.6071166992188,531.0714111328125,107849,,NSE
CUMMINSIND,2011-01-13,525.2142944335938,539.2857055664062,516.8571166992188,532.1071166992188,136935,,NSE
CUMMINSIND,2011-01-14,527.5357055664062,536.4285888671875,505.75,513.2142944335938,244041,,NSE
CUMMINSIND,2011-01-17,518.2857055664062,524.8571166992188,509.3928527832031,517.3214111328125,135286,,NSE
CUMMINSIND,2011-01-18,518.2142944335938,531.7857055664062,516.5,529.2857055664062,301487,,NSE
CUMMINSIND,2011-01-19,522.1428833007812,541.4285888671875,517.8571166992188,531.3214111328125,99615,,NSE
CUMMINSIND,2011-01-20,528.5714111328125,535.7142944335938,522.3928833007812,531.8214111328125,68763,,NSE
CUMMINSIND,2011-01-21,533.5357055664062,535.0,520.6785888671875,522.5714111328125,58080,,NSE
CUMMINSIND,2011-01-24,525.7142944335938,528.5714111328125,524.2857055664062,525.75,58349,,NSE
CUMMINSIND,2011-01-25,525.4285888671875,531.3928833007812,520.2857055664062,524.0357055664062,132666,,NSE
CUMMINSIND,2011-01-27,524.0357055664062,533.5357055664062,516.5,521.4285888671875,279735,,NSE
CUMMINSIND,2011-01-28,520.7142944335938,527.0,514.3571166992188,517.9642944335938,228944,,NSE
CUMMINSIND,2011-01-31,514.2857055664062,528.5714111328125,492.8571472167969,523.3214111328125,191632,,NSE
CUMMINSIND,2011-02-01,525.7142944335938,530.0,496.5,499.71429443359375,286529,,NSE
CUMMINSIND,2011-02-02,501.5,521.4285888671875,501.5,508.1428527832031,418415,,NSE
CUMMINSIND,2011-02-03,512.8571166992188,516.3928833007812,480.6428527832031,487.8571472167969,515337,,NSE
CUMMINSIND,2011-02-04,480.28570556640625,485.71429443359375,457.3928527832031,463.25,2370505,,NSE
CUMMINSIND,2011-02-07,464.21429443359375,464.25,440.8214416503906,450.96429443359375,631608,,NSE
CUMMINSIND,2011-02-08,452.3928527832031,457.71429443359375,450.0,453.1785583496094,224999,,NSE
CUMMINSIND,2011-02-09,450.71429443359375,462.6071472167969,439.3214416503906,447.1785583496094,617139,,NSE
CUMMINSIND,2011-02-10,450.0,450.0,419.3571472167969,440.9285583496094,308169,,NSE
CUMMINSIND,2011-02-11,450.6785583496094,450.6785583496094,430.71429443359375,442.53570556640625,254921,,NSE
CUMMINSIND,2011-02-14,442.8928527832031,462.8571472167969,442.8928527832031,460.3214416503906,361447,,NSE
CUMMINSIND,2011-02-15,463.53570556640625,487.8571472167969,455.0714416503906,481.5714416503906,324769,,NSE
CUMMINSIND,2011-02-16,479.28570556640625,484.8928527832031,472.03570556640625,476.8928527832031,123991,,NSE
CUMMINSIND,2011-02-17,474.3214416503906,481.4285583496094,471.4285583496094,480.28570556640625,102316,,NSE
CUMMINSIND,2011-02-18,478.5714416503906,487.8571472167969,471.53570556640625,477.6428527832031,136463,,NSE
CUMMINSIND,2011-02-21,476.4285583496094,489.28570556640625,469.1785583496094,479.6785583496094,245236,,NSE
CUMMINSIND,2011-02-22,482.4285583496094,484.28570556640625,457.1428527832031,460.0,179846,,NSE
CUMMINSIND,2011-02-23,457.1428527832031,467.1428527832031,457.1428527832031,464.3928527832031,247934,,NSE
CUMMINSIND,2011-02-24,464.28570556640625,467.0,450.78570556640625,456.1428527832031,137085,,NSE
CUMMINSIND,2011-02-25,458.5714416503906,477.0714416503906,453.75,467.78570556640625,190521,,NSE
CUMMINSIND,2011-02-28,467.21429443359375,478.5714416503906,457.21429443359375,464.71429443359375,125119,,NSE
CUMMINSIND,2011-03-01,472.8571472167969,476.4285583496094,465.0714416503906,472.75,218776,,NSE
CUMMINSIND,2011-03-03,465.0714416503906,487.8571472167969,464.3214416503906,475.0714416503906,268814,,NSE
CUMMINSIND,2011-03-04,476.1428527832031,485.0,471.53570556640625,477.53570556640625,154100,,NSE
CUMMINSIND,2011-03-07,475.4285583496094,476.25,454.3214416503906,469.78570556640625,203778,,NSE
CUMMINSIND,2011-03-08,467.75,481.25,460.8214416503906,474.1785583496094,154837,,NSE
CUMMINSIND,2011-03-09,468.1785583496094,485.0,468.1785583496094,480.75,133620,,NSE
CUMMINSIND,2011-03-10,480.0,487.8571472167969,477.21429443359375,485.75,213106,,NSE
CUMMINSIND,2011-03-11,485.71429443359375,492.8571472167969,472.8928527832031,487.71429443359375,235748,,NSE
CUMMINSIND,2011-03-14,487.8571472167969,494.78570556640625,476.46429443359375,479.53570556640625,174827,,NSE
CUMMINSIND,2011-03-15,478.5714416503906,478.5714416503906,465.0,474.25,169258,,NSE
CUMMINSIND,2011-03-16,479.25,479.25,464.3928527832031,466.21429443359375,186706,,NSE
CUMMINSIND,2011-03-17,464.28570556640625,475.1428527832031,457.21429443359375,471.71429443359375,274211,,NSE
CUMMINSIND,2011-03-18,473.6071472167969,477.1071472167969,458.6785583496094,462.78570556640625,938354,,NSE
CUMMINSIND,2011-03-21,467.1428527832031,472.8571472167969,452.8571472167969,455.5,270342,,NSE
CUMMINSIND,2011-03-22,455.75,463.71429443359375,455.71429443359375,460.0714416503906,75131,,NSE
CUMMINSIND,2011-03-23,454.03570556640625,468.5,454.03570556640625,465.03570556640625,168067,,NSE
CUMMINSIND,2011-03-24,466.46429443359375,471.4285583496094,461.46429443359375,462.96429443359375,152135,,NSE
CUMMINSIND,2011-03-25,465.71429443359375,472.4285583496094,463.6428527832031,468.9285583496094,189075,,NSE
CUMMINSIND,2011-03-28,469.78570556640625,476.4285583496094,463.5714416503906,471.5,158720,,NSE
CUMMINSIND,2011-03-29,472.8571472167969,478.78570556640625,471.4285583496094,471.71429443359375,187852,,NSE
CUMMINSIND,2011-03-30,474.96429443359375,490.0,470.78570556640625,481.6428527832031,555353,,NSE
CUMMINSIND,2011-03-31,487.1428527832031,510.71429443359375,472.1071472167969,498.5,449895,,NSE
CUMMINSIND,2011-04-01,496.3928527832031,506.3571472167969,490.75,496.3571472167969,127435,,NSE
CUMMINSIND,2011-04-04,500.03570556640625,503.5,495.71429443359375,500.21429443359375,139371,,NSE
CUMMINSIND,2011-04-05,508.53570556640625,508.53570556640625,495.8571472167969,499.9285583496094,111466,,NSE
CUMMINSIND,2011-04-06,502.1071472167969,520.3571166992188,497.96429443359375,500.9285583496094,845268,,NSE
CUMMINSIND,2011-04-07,500.8928527832031,507.1071472167969,490.6428527832031,496.28570556640625,220581,,NSE
CUMMINSIND,2011-04-08,500.0,500.0,487.8928527832031,489.3571472167969,263464,,NSE
CUMMINSIND,2011-04-11,489.28570556640625,491.78570556640625,479.3571472167969,481.0714416503906,178656,,NSE
CUMMINSIND,2011-04-13,480.71429443359375,484.8571472167969,470.1428527832031,479.78570556640625,438408,,NSE
CUMMINSIND,2011-04-15,484.28570556640625,490.5714416503906,479.71429443359375,486.28570556640625,316010,,NSE
CUMMINSIND,2011-04-18,487.1785583496094,493.1428527832031,480.78570556640625,483.6071472167969,116691,,NSE
CUMMINSIND,2011-04-19,482.1428527832031,500.8928527832031,477.1428527832031,495.8928527832031,198882,,NSE
CUMMINSIND,2011-04-20,497.1428527832031,508.5,490.75,506.6071472167969,162780,,NSE
CUMMINSIND,2011-04-21,507.1428527832031,517.1428833007812,506.6071472167969,509.96429443359375,170262,,NSE
CUMMINSIND,2011-04-25,512.9285888671875,514.25,498.5714416503906,508.28570556640625,131919,,NSE
CUMMINSIND,2011-04-26,503.4285583496094,505.71429443359375,493.03570556640625,494.5,194051,,NSE
CUMMINSIND,2011-04-27,498.53570556640625,511.3928527832031,489.6428527832031,503.0,648754,,NSE
CUMMINSIND,2011-04-28,511.4285583496094,511.4285583496094,506.0714416503906,507.1785583496094,289273,,NSE
CUMMINSIND,2011-04-29,506.4285583496094,515.7142944335938,502.8571472167969,505.25,275744,,NSE
CUMMINSIND,2011-05-02,495.4285583496094,507.21429443359375,495.03570556640625,499.46429443359375,154142,,NSE
CUMMINSIND,2011-05-03,495.25,500.6071472167969,490.75,493.1428527832031,31004,,NSE
CUMMINSIND,2011-05-04,489.6785583496094,504.96429443359375,484.21429443359375,501.9285583496094,137744,,NSE
CUMMINSIND,2011-05-05,503.6071472167969,504.25,490.1071472167969,492.21429443359375,112879,,NSE
CUMMINSIND,2011-05-06,500.0,500.0,490.0,491.6428527832031,60877,,NSE
CUMMINSIND,2011-05-09,496.3928527832031,497.78570556640625,489.3928527832031,492.1071472167969,286237,,NSE
CUMMINSIND,2011-05-10,492.28570556640625,499.8214416503906,488.78570556640625,495.4285583496094,166184,,NSE
CUMMINSIND,2011-05-11,500.0,504.9285583496094,491.21429443359375,500.1428527832031,189506,,NSE
CUMMINSIND,2011-05-12,499.28570556640625,511.4285583496094,495.71429443359375,508.6071472167969,270263,,NSE
CUMMINSIND,2011-05-13,510.71429443359375,514.2857055664062,503.6785583496094,507.25,298120,,NSE
CUMMINSIND,2011-05-16,507.8571472167969,514.9642944335938,502.5,508.28570556640625,122546,,NSE
CUMMINSIND,2011-05-17,510.0,512.1428833007812,504.3571472167969,506.28570556640625,117768,,NSE
CUMMINSIND,2011-05-18,505.75,510.71429443359375,499.28570556640625,505.78570556640625,205098,,NSE
CUMMINSIND,2011-05-19,500.3571472167969,516.0357055664062,498.1785583496094,512.0714111328125,173460,,NSE
CUMMINSIND,2011-05-20,514.2142944335938,515.0,497.8571472167969,505.4285583496094,194933,,NSE
CUMMINSIND,2011-05-23,501.46429443359375,503.46429443359375,491.4285583496094,493.5,313735,,NSE
CUMMINSIND,2011-05-24,496.4285583496094,509.21429443359375,491.53570556640625,505.25,149611,,NSE
CUMMINSIND,2011-05-25,500.25,503.4285583496094,493.6428527832031,497.75,109239,,NSE
CUMMINSIND,2011-05-26,500.5,501.8214416503906,491.8571472167969,494.1428527832031,99342,,NSE
CUMMINSIND,2011-05-27,500.6785583496094,504.28570556640625,496.78570556640625,501.03570556640625,129708,,NSE
CUMMINSIND,2011-05-30,501.3214416503906,506.3928527832031,497.1428527832031,503.6071472167969,178978,,NSE
CUMMINSIND,2011-05-31,494.4285583496094,502.8571472167969,489.28570556640625,491.21429443359375,263022,,NSE
CUMMINSIND,2011-06-01,492.8928527832031,493.5714416503906,485.0,490.71429443359375,322890,,NSE
CUMMINSIND,2011-06-02,489.8571472167969,496.28570556640625,484.28570556640625,485.6071472167969,169764,,NSE
CUMMINSIND,2011-06-03,491.78570556640625,492.78570556640625,480.0,486.0714416503906,180577,,NSE
CUMMINSIND,2011-06-06,486.0714416503906,489.96429443359375,479.6428527832031,481.1428527832031,72507,,NSE
CUMMINSIND,2011-06-07,489.21429443359375,489.96429443359375,480.8571472167969,488.1428527832031,115178,,NSE
CUMMINSIND,2011-06-08,485.0,487.5,482.5,485.9285583496094,106993,,NSE
CUMMINSIND,2011-06-09,486.4285583496094,490.6428527832031,483.0,489.1428527832031,69557,,NSE
CUMMINSIND,2011-06-10,492.1071472167969,495.0,480.3571472167969,484.78570556640625,112492,,NSE
CUMMINSIND,2011-06-13,484.78570556640625,490.71429443359375,484.0714416503906,485.71429443359375,242020,,NSE
CUMMINSIND,2011-06-14,492.1071472167969,492.1071472167969,485.75,487.75,261045,,NSE
CUMMINSIND,2011-06-15,490.6071472167969,493.5714416503906,486.6785583496094,491.25,92394,,NSE
CUMMINSIND,2011-06-16,491.4285583496094,494.25,489.28570556640625,492.75,221475,,NSE
CUMMINSIND,2011-06-17,496.4285583496094,498.5,487.1785583496094,490.6071472167969,65651,,NSE
CUMMINSIND,2011-06-20,492.8928527832031,496.46429443359375,476.4285583496094,479.71429443359375,148344,,NSE
CUMMINSIND,2011-06-21,481.5,486.3571472167969,478.5714416503906,480.8571472167969,96936,,NSE
CUMMINSIND,2011-06-22,482.1428527832031,486.4285583496094,461.0714416503906,471.6071472167969,136981,,NSE
CUMMINSIND,2011-06-23,473.3928527832031,475.71429443359375,459.3214416503906,466.8928527832031,117514,,NSE
CUMMINSIND,2011-06-24,467.3571472167969,474.96429443359375,467.3571472167969,472.3571472167969,203835,,NSE
CUMMINSIND,2011-06-27,471.4285583496094,485.71429443359375,469.5,479.96429443359375,295248,,NSE
CUMMINSIND,2011-06-28,482.1428527832031,484.9285583496094,474.28570556640625,477.0714416503906,185420,,NSE
CUMMINSIND,2011-06-29,478.46429443359375,489.21429443359375,476.53570556640625,488.0,195679,,NSE
CUMMINSIND,2011-06-30,488.6785583496094,488.71429443359375,477.28570556640625,484.25,192501,,NSE
CUMMINSIND,2011-07-01,487.71429443359375,488.5,482.3214416503906,485.8214416503906,107212,,NSE
CUMMINSIND,2011-07-04,485.8214416503906,488.6785583496094,484.0714416503906,485.71429443359375,49655,,NSE
CUMMINSIND,2011-07-05,485.75,486.3214416503906,478.6071472167969,481.25,92447,,NSE
CUMMINSIND,2011-07-06,480.71429443359375,482.1428527832031,472.21429443359375,478.6785583496094,110217,,NSE
CUMMINSIND,2011-07-07,480.75,486.3571472167969,473.6428527832031,483.1785583496094,329691,,NSE
CUMMINSIND,2011-07-08,484.96429443359375,492.8571472167969,482.1428527832031,486.8571472167969,359590,,NSE
CUMMINSIND,2011-07-11,481.5,498.5714416503906,481.5,489.96429443359375,157865,,NSE
CUMMINSIND,2011-07-12,486.28570556640625,490.0,481.46429443359375,485.0714416503906,68345,,NSE
CUMMINSIND,2011-07-13,488.9285583496094,491.4285583496094,485.03570556640625,488.8214416503906,249988,,NSE
CUMMINSIND,2011-07-14,489.25,492.6428527832031,486.6428527832031,491.1428527832031,23891,,NSE
CUMMINSIND,2011-07-15,490.71429443359375,500.0,488.0,491.46429443359375,58528,,NSE
CUMMINSIND,2011-07-18,489.4285583496094,497.78570556640625,489.4285583496094,491.03570556640625,45642,,NSE
CUMMINSIND,2011-07-19,494.3214416503906,506.28570556640625,492.1428527832031,495.3214416503906,285476,,NSE
CUMMINSIND,2011-07-20,494.28570556640625,499.8928527832031,475.0714416503906,479.1785583496094,253044,,NSE
CUMMINSIND,2011-07-21,479.21429443359375,480.53570556640625,475.0,478.1428527832031,97546,,NSE
CUMMINSIND,2011-07-22,475.75,491.3214416503906,475.75,483.28570556640625,81578,,NSE
CUMMINSIND,2011-07-25,488.5714416503906,488.5714416503906,478.5714416503906,483.1785583496094,61269,,NSE
CUMMINSIND,2011-07-26,484.6071472167969,491.3928527832031,482.1428527832031,483.8214416503906,100816,,NSE
CUMMINSIND,2011-07-27,486.03570556640625,488.3214416503906,476.6071472167969,483.96429443359375,206437,,NSE
CUMMINSIND,2011-07-28,478.5714416503906,478.5714416503906,465.1428527832031,467.46429443359375,216353,,NSE
CUMMINSIND,2011-07-29,465.0,470.71429443359375,446.5714416503906,457.8928527832031,435909,,NSE
CUMMINSIND,2011-08-01,457.8928527832031,464.1428527832031,448.3571472167969,451.3928527832031,175201,,NSE
CUMMINSIND,2011-08-02,449.8928527832031,449.96429443359375,438.71429443359375,440.28570556640625,202015,,NSE
CUMMINSIND,2011-08-03,437.28570556640625,446.4285583496094,430.3571472167969,435.8571472167969,1380918,,NSE
CUMMINSIND,2011-08-04,441.4285583496094,465.0,425.8928527832031,439.1071472167969,2308542,,NSE
CUMMINSIND,2011-08-05,434.28570556640625,440.0,415.0,438.03570556640625,443902,,NSE
CUMMINSIND,2011-08-08,427.75,440.71429443359375,422.3214416503906,436.75,180989,,NSE
CUMMINSIND,2011-08-09,427.8571472167969,438.5714416503906,422.8928527832031,433.53570556640625,326008,,NSE
CUMMINSIND,2011-08-10,438.5714416503906,442.8571472167969,426.46429443359375,433.5714416503906,775854,,NSE
CUMMINSIND,2011-08-11,450.0,464.28570556640625,431.78570556640625,440.5714416503906,146678,,NSE
CUMMINSIND,2011-08-12,443.0,452.3571472167969,429.5,432.0714416503906,226650,,NSE
CUMMINSIND,2011-08-16,424.28570556640625,439.46429443359375,422.3928527832031,427.6071472167969,178670,,NSE
CUMMINSIND,2011-08-17,430.3571472167969,444.28570556640625,414.28570556640625,433.03570556640625,307171,,NSE
CUMMINSIND,2011-08-18,433.0,433.5714416503906,422.21429443359375,425.1428527832031,430309,,NSE
CUMMINSIND,2011-08-19,425.1428527832031,425.1428527832031,416.4285583496094,418.75,227337,,NSE
CUMMINSIND,2011-08-22,422.8571472167969,439.0714416503906,421.53570556640625,435.96429443359375,92737,,NSE
CUMMINSIND,2011-08-23,437.1428527832031,437.1428527832031,423.28570556640625,429.3214416503906,210114,,NSE
CUMMINSIND,2011-08-24,430.6071472167969,434.5714416503906,425.71429443359375,428.46429443359375,275864,,NSE
CUMMINSIND,2011-08-25,434.28570556640625,434.28570556640625,421.4285583496094,422.5,113719,,NSE
CUMMINSIND,2011-08-26,419.28570556640625,427.71429443359375,416.53570556640625,419.75,203049,,NSE
CUMMINSIND,2011-08-29,422.25,429.28570556640625,416.4285583496094,420.28570556640625,147406,,NSE
CUMMINSIND,2011-08-30,426.3928527832031,428.5,418.5714416503906,422.8571472167969,128452,,NSE
CUMMINSIND,2011-09-02,423.5714416503906,441.4285583496094,421.4285583496094,439.5,127444,,NSE
CUMMINSIND,2011-09-05,432.1428527832031,446.25,432.1428527832031,439.6785583496094,117558,,NSE
CUMMINSIND,2011-09-06,440.0,444.75,422.28570556640625,425.96429443359375,519372,,NSE
CUMMINSIND,2011-09-07,428.46429443359375,439.21429443359375,426.4285583496094,437.46429443359375,196904,,NSE
CUMMINSIND,2011-09-08,437.1785583496094,441.78570556640625,432.3571472167969,438.8571472167969,191417,,NSE
CUMMINSIND,2011-09-09,441.1428527832031,446.0714416503906,437.1785583496094,438.6785583496094,434107,,NSE
CUMMINSIND,2011-09-12,435.71429443359375,437.03570556640625,422.1428527832031,422.96429443359375,133701,,NSE
CUMMINSIND,2011-09-13,425.78570556640625,434.5714416503906,422.21429443359375,423.8571472167969,136378,,NSE
CUMMINSIND,2011-09-14,425.71429443359375,430.6071472167969,421.5,428.78570556640625,146853,,NSE
CUMMINSIND,2011-09-15,432.8214416503906,435.71429443359375,429.3571472167969,431.53570556640625,126086,,NSE
CUMMINSIND,2011-09-16,430.4285583496094,435.3571472167969,422.8571472167969,424.03570556640625,141713,,NSE
CUMMINSIND,2011-09-19,427.8571472167969,438.5714416503906,425.0,433.46429443359375,237385,,NSE
CUMMINSIND,2011-09-20,410.0,440.0,410.0,426.45001220703125,169316,,NSE
CUMMINSIND,2011-09-21,426.45001220703125,433.95001220703125,426.45001220703125,431.1499938964844,133765,,NSE
CUMMINSIND,2011-09-22,421.20001220703125,432.6499938964844,417.1000061035156,419.45001220703125,124363,,NSE
CUMMINSIND,2011-09-23,413.0,436.0,410.25,425.04998779296875,258937,,NSE
CUMMINSIND,2011-09-26,426.95001220703125,433.3500061035156,403.3500061035156,414.8500061035156,227390,,NSE
CUMMINSIND,2011-09-27,415.04998779296875,421.8999938964844,407.1000061035156,409.45001220703125,254721,,NSE
CUMMINSIND,2011-09-28,411.1000061035156,425.45001220703125,406.04998779296875,413.29998779296875,153775,,NSE
CUMMINSIND,2011-09-29,410.0,419.95001220703125,403.25,414.8500061035156,152512,,NSE
CUMMINSIND,2011-09-30,408.25,415.04998779296875,408.1000061035156,414.29998779296875,157361,,NSE
CUMMINSIND,2011-10-03,408.8999938964844,410.0,400.0,401.8999938964844,106773,,NSE
CUMMINSIND,2011-10-04,402.0,409.0,396.0,400.0,221714,,NSE
CUMMINSIND,2011-10-05,401.04998779296875,401.8500061035156,395.0,397.20001220703125,244049,,NSE
CUMMINSIND,2011-10-07,400.0,409.0,400.0,406.3500061035156,116280,,NSE
CUMMINSIND,2011-10-10,410.0,415.0,406.20001220703125,410.54998779296875,209502,,NSE
CUMMINSIND,2011-10-11,412.8999938964844,418.0,383.1000061035156,399.79998779296875,449259,,NSE
CUMMINSIND,2011-10-12,401.8999938964844,413.0,401.0,409.20001220703125,143165,,NSE
CUMMINSIND,2011-10-13,409.6000061035156,413.8999938964844,403.5,404.3500061035156,23906,,NSE
CUMMINSIND,2011-10-14,414.6499938964844,414.6499938964844,402.75,407.3500061035156,38526,,NSE
CUMMINSIND,2011-10-17,408.95001220703125,409.0,401.0,403.25,33700,,NSE
CUMMINSIND,2011-10-18,402.04998779296875,402.8999938964844,396.0,401.1499938964844,32364,,NSE
CUMMINSIND,2011-10-19,409.45001220703125,409.45001220703125,399.04998779296875,400.79998779296875,133946,,NSE
CUMMINSIND,2011-10-20,402.45001220703125,402.45001220703125,391.0,392.6499938964844,132784,,NSE
CUMMINSIND,2011-10-21,395.0,404.8500061035156,389.20001220703125,393.04998779296875,340197,,NSE
CUMMINSIND,2011-10-24,397.6499938964844,401.95001220703125,387.0,390.1499938964844,57152,,NSE
CUMMINSIND,2011-10-25,390.29998779296875,399.8500061035156,374.1000061035156,379.1000061035156,322212,,NSE
CUMMINSIND,2011-10-28,389.0,392.25,378.1000061035156,385.04998779296875,368114,,NSE
CUMMINSIND,2011-10-31,388.0,399.54998779296875,385.0,397.95001220703125,139689,,NSE
CUMMINSIND,2011-11-01,398.0,401.20001220703125,389.3500061035156,392.75,262042,,NSE
CUMMINSIND,2011-11-02,388.0,394.0,380.0,381.1499938964844,349963,,NSE
CUMMINSIND,2011-11-03,383.1000061035156,384.25,367.0,374.70001220703125,309916,,NSE
CUMMINSIND,2011-11-04,376.1499938964844,383.0,371.5,375.8500061035156,183740,,NSE
CUMMINSIND,2011-11-08,379.8999938964844,382.25,375.0,377.45001220703125,137787,,NSE
CUMMINSIND,2011-11-09,378.1000061035156,379.29998779296875,365.8500061035156,368.3500061035156,105688,,NSE
CUMMINSIND,2011-11-11,363.0,363.0,349.1000061035156,354.0,765580,,NSE
CUMMINSIND,2011-11-14,363.95001220703125,365.0,355.70001220703125,363.95001220703125,341240,,NSE
CUMMINSIND,2011-11-15,361.0,366.70001220703125,340.25,344.95001220703125,480318,,NSE
CUMMINSIND,2011-11-16,344.1000061035156,347.8500061035156,323.0,334.6000061035156,2849950,,NSE
CUMMINSIND,2011-11-17,334.6000061035156,345.54998779296875,325.54998779296875,336.29998779296875,584617,,NSE
CUMMINSIND,2011-11-18,333.95001220703125,339.8999938964844,325.0,335.29998779296875,603272,,NSE
CUMMINSIND,2011-11-21,335.1499938964844,337.6499938964844,329.0,335.0,701116,,NSE
CUMMINSIND,2011-11-22,334.0,337.0,330.1000061035156,335.6000061035156,127126,,NSE
CUMMINSIND,2011-11-23,335.04998779296875,349.70001220703125,331.3999938964844,333.79998779296875,985892,,NSE
CUMMINSIND,2011-11-24,337.0,353.95001220703125,332.1499938964844,348.04998779296875,174969,,NSE
CUMMINSIND,2011-11-25,344.95001220703125,363.70001220703125,344.95001220703125,358.95001220703125,211165,,NSE
CUMMINSIND,2011-11-28,357.95001220703125,368.0,342.1000061035156,353.75,348607,,NSE
CUMMINSIND,2011-11-29,354.8999938964844,354.8999938964844,344.3500061035156,349.79998779296875,349182,,NSE
CUMMINSIND,2011-11-30,350.0,363.79998779296875,347.70001220703125,356.8999938964844,138599,,NSE
CUMMINSIND,2011-12-01,363.95001220703125,366.95001220703125,351.1499938964844,356.29998779296875,235048,,NSE
CUMMINSIND,2011-12-02,356.70001220703125,359.8999938964844,354.0,358.25,153156,,NSE
CUMMINSIND,2011-12-05,359.0,364.5,351.6499938964844,352.3500061035156,102255,,NSE
CUMMINSIND,2011-12-07,358.75,358.75,343.8999938964844,344.95001220703125,365625,,NSE
CUMMINSIND,2011-12-08,344.3999938964844,350.0,337.5,339.29998779296875,287719,,NSE
CUMMINSIND,2011-12-09,334.1499938964844,342.0,332.95001220703125,336.54998779296875,116102,,NSE
CUMMINSIND,2011-12-12,341.0,342.0,335.20001220703125,337.45001220703125,50501,,NSE
CUMMINSIND,2011-12-13,335.0,340.79998779296875,333.1499938964844,337.54998779296875,168877,,NSE
CUMMINSIND,2011-12-14,335.25,346.1000061035156,333.0,334.95001220703125,183664,,NSE
CUMMINSIND,2011-12-15,335.0,337.95001220703125,331.5,335.04998779296875,340780,,NSE
CUMMINSIND,2011-12-16,335.0,339.0,332.0,333.6000061035156,363937,,NSE
CUMMINSIND,2011-12-19,334.0,336.75,330.54998779296875,331.70001220703125,288341,,NSE
CUMMINSIND,2011-12-20,331.70001220703125,335.0,323.5,326.3999938964844,335581,,NSE
CUMMINSIND,2011-12-21,328.3999938964844,334.29998779296875,322.0,326.6499938964844,140124,,NSE
CUMMINSIND,2011-12-22,327.1499938964844,345.70001220703125,327.1499938964844,342.04998779296875,124542,,NSE
CUMMINSIND,2011-12-23,342.5,350.8999938964844,342.5,345.3500061035156,200791,,NSE
CUMMINSIND,2011-12-26,349.75,355.0,335.04998779296875,338.8500061035156,323063,,NSE
CUMMINSIND,2011-12-27,337.0,342.0,336.0,337.95001220703125,213982,,NSE
CUMMINSIND,2011-12-28,336.3500061035156,349.3500061035156,331.20001220703125,342.79998779296875,268259,,NSE
CUMMINSIND,2011-12-29,341.1499938964844,348.3500061035156,336.20001220703125,342.20001220703125,220666,,NSE
CUMMINSIND,2011-12-30,346.70001220703125,352.79998779296875,341.6000061035156,350.25,235381,,NSE
CUMMINSIND,2012-01-02,340.20001220703125,349.3999938964844,339.79998779296875,341.1000061035156,75873,,NSE
CUMMINSIND,2012-01-03,343.0,350.75,343.0,347.0,130502,,NSE
CUMMINSIND,2012-01-04,348.25,358.54998779296875,340.3500061035156,346.6000061035156,405373,,NSE
CUMMINSIND,2012-01-05,345.1000061035156,348.04998779296875,342.0,344.6499938964844,161514,,NSE
CUMMINSIND,2012-01-06,345.0,345.0,336.0,338.04998779296875,97959,,NSE
CUMMINSIND,2012-01-09,343.0,346.45001220703125,341.0,343.5,75498,,NSE
CUMMINSIND,2012-01-10,345.8500061035156,362.0,344.0,358.8999938964844,604591,,NSE
CUMMINSIND,2012-01-11,361.54998779296875,373.0,353.1000061035156,369.3500061035156,192623,,NSE
CUMMINSIND,2012-01-12,369.95001220703125,383.8500061035156,369.0,380.54998779296875,363286,,NSE
CUMMINSIND,2012-01-13,389.6000061035156,395.0,382.04998779296875,391.6499938964844,371893,,NSE
CUMMINSIND,2012-01-16,389.0,394.8500061035156,384.0,388.04998779296875,191594,,NSE
CUMMINSIND,2012-01-17,389.6000061035156,394.70001220703125,386.25,390.04998779296875,173104,,NSE
CUMMINSIND,2012-01-18,392.70001220703125,399.8999938964844,384.04998779296875,391.79998779296875,319441,,NSE
CUMMINSIND,2012-01-19,395.0,403.8500061035156,392.0,396.75,437883,,NSE
CUMMINSIND,2012-01-20,397.0,419.45001220703125,397.0,408.95001220703125,588139,,NSE
CUMMINSIND,2012-01-23,400.25,419.8500061035156,400.25,415.45001220703125,352322,,NSE
CUMMINSIND,2012-01-24,416.6499938964844,425.0,416.6499938964844,419.1000061035156,389185,,NSE
CUMMINSIND,2012-01-25,425.79998779296875,425.79998779296875,415.1000061035156,418.8500061035156,257841,,NSE
CUMMINSIND,2012-01-27,429.25,429.25,404.54998779296875,422.95001220703125,315232,,NSE
CUMMINSIND,2012-01-30,427.70001220703125,431.3999938964844,414.0,417.79998779296875,253953,,NSE
CUMMINSIND,2012-01-31,424.0,425.8999938964844,415.25,419.8500061035156,423901,,NSE
CUMMINSIND,2012-02-01,424.8999938964844,439.6000061035156,408.29998779296875,432.6000061035156,453103,,NSE
CUMMINSIND,2012-02-02,439.0,439.0,426.54998779296875,429.3999938964844,456420,,NSE
CUMMINSIND,2012-02-03,430.0,451.1000061035156,430.0,440.1499938964844,403927,,NSE
CUMMINSIND,2012-02-06,449.45001220703125,452.0,433.04998779296875,437.1499938964844,503601,,NSE
CUMMINSIND,2012-02-07,439.0,446.95001220703125,419.0,421.79998779296875,238506,,NSE
CUMMINSIND,2012-02-08,424.0,434.95001220703125,422.0,431.25,99642,,NSE
CUMMINSIND,2012-02-09,432.0,435.0,425.1000061035156,430.79998779296875,113910,,NSE
CUMMINSIND,2012-02-10,443.1000061035156,490.0,435.79998779296875,459.79998779296875,2225173,,NSE
CUMMINSIND,2012-02-13,463.0,474.70001220703125,457.0,467.04998779296875,482587,,NSE
CUMMINSIND,2012-02-14,467.25,471.8999938964844,459.0,462.8999938964844,310405,,NSE
CUMMINSIND,2012-02-15,467.8500061035156,485.0,465.29998779296875,468.45001220703125,647260,,NSE
CUMMINSIND,2012-02-16,470.0,480.0,467.3999938964844,468.8999938964844,306283,,NSE
CUMMINSIND,2012-02-17,474.3500061035156,477.04998779296875,469.1499938964844,471.45001220703125,166610,,NSE
CUMMINSIND,2012-02-21,470.1000061035156,472.70001220703125,460.0,467.45001220703125,180414,,NSE
CUMMINSIND,2012-02-22,467.95001220703125,468.3999938964844,446.29998779296875,450.8999938964844,197791,,NSE
CUMMINSIND,2012-02-23,450.0,473.0,433.0,463.75,639212,,NSE
CUMMINSIND,2012-02-24,473.75,473.75,445.3500061035156,462.95001220703125,274238,,NSE
CUMMINSIND,2012-02-27,461.6000061035156,461.6499938964844,438.3500061035156,444.6499938964844,258564,,NSE
CUMMINSIND,2012-02-28,449.95001220703125,467.6000061035156,449.95001220703125,461.1499938964844,105388,,NSE
CUMMINSIND,2012-02-29,465.5,472.0,458.0,465.95001220703125,198040,,NSE
CUMMINSIND,2012-03-01,462.0,482.3500061035156,458.6000061035156,470.45001220703125,252220,,NSE
CUMMINSIND,2012-03-02,479.8999938964844,485.0,456.20001220703125,459.6499938964844,116381,,NSE
CUMMINSIND,2012-03-05,458.1000061035156,461.0,452.0,457.8500061035156,83878,,NSE
CUMMINSIND,2012-03-06,469.75,469.75,450.0,460.25,177613,,NSE
CUMMINSIND,2012-03-07,452.0,464.0,441.1000061035156,460.6000061035156,161714,,NSE
CUMMINSIND,2012-03-09,460.04998779296875,474.8999938964844,459.0,470.1000061035156,260835,,NSE
CUMMINSIND,2012-03-12,474.8999938964844,484.3999938964844,470.1499938964844,479.95001220703125,419197,,NSE
CUMMINSIND,2012-03-13,473.8500061035156,484.95001220703125,471.1000061035156,479.1000061035156,186024,,NSE
CUMMINSIND,2012-03-14,484.0,499.8999938964844,475.20001220703125,478.79998779296875,152154,,NSE
CUMMINSIND,2012-03-15,472.0,475.0,461.54998779296875,473.25,176106,,NSE
CUMMINSIND,2012-03-16,473.0,476.95001220703125,467.04998779296875,473.95001220703125,334239,,NSE
CUMMINSIND,2012-03-19,470.1000061035156,474.95001220703125,461.54998779296875,468.04998779296875,58728,,NSE
CUMMINSIND,2012-03-20,467.0,476.6499938964844,421.79998779296875,471.04998779296875,114529,,NSE
CUMMINSIND,2012-03-21,474.0,474.0,466.1000061035156,468.45001220703125,78299,,NSE
CUMMINSIND,2012-03-22,468.5,470.70001220703125,451.0,453.8999938964844,64188,,NSE
CUMMINSIND,2012-03-23,455.54998779296875,462.8999938964844,450.0,460.8500061035156,74294,,NSE
CUMMINSIND,2012-03-26,450.29998779296875,472.0,446.5,467.20001220703125,137439,,NSE
CUMMINSIND,2012-03-27,470.0,473.8999938964844,455.0,464.29998779296875,121865,,NSE
CUMMINSIND,2012-03-28,463.1000061035156,471.04998779296875,455.5,462.0,364353,,NSE
CUMMINSIND,2012-03-29,463.95001220703125,478.0,456.04998779296875,474.5,204946,,NSE
CUMMINSIND,2012-03-30,476.0,499.3500061035156,475.0,495.3999938964844,899758,,NSE
CUMMINSIND,2012-04-02,495.0,504.6499938964844,487.6499938964844,491.5,231215,,NSE
CUMMINSIND,2012-04-03,480.6000061035156,498.8999938964844,468.5,486.8500061035156,249309,,NSE
CUMMINSIND,2012-04-04,486.0,489.95001220703125,482.3999938964844,484.70001220703125,136993,,NSE
CUMMINSIND,2012-04-09,483.0,493.95001220703125,477.25,485.3999938964844,236956,,NSE
CUMMINSIND,2012-04-10,496.0,499.1499938964844,480.5,483.70001220703125,363334,,NSE
CUMMINSIND,2012-04-11,483.70001220703125,483.75,470.0,475.1000061035156,251408,,NSE
CUMMINSIND,2012-04-12,477.5,488.0,476.0,483.25,213928,,NSE
CUMMINSIND,2012-04-13,474.29998779296875,488.79998779296875,470.25,477.8999938964844,152405,,NSE
CUMMINSIND,2012-04-16,478.0,482.0,473.1000061035156,478.3999938964844,60032,,NSE
CUMMINSIND,2012-04-17,494.3999938964844,499.95001220703125,478.04998779296875,479.6000061035156,101608,,NSE
CUMMINSIND,2012-04-18,485.54998779296875,485.54998779296875,472.0,476.25,93956,,NSE
CUMMINSIND,2012-04-19,484.95001220703125,486.0,475.0,482.8500061035156,83179,,NSE
CUMMINSIND,2012-04-20,479.75,487.8500061035156,478.1000061035156,485.1499938964844,282828,,NSE
CUMMINSIND,2012-04-23,482.70001220703125,492.0,482.20001220703125,485.8999938964844,377789,,NSE
CUMMINSIND,2012-04-24,485.1499938964844,489.79998779296875,482.1000061035156,483.54998779296875,94089,,NSE
CUMMINSIND,2012-04-25,483.5,486.95001220703125,472.8999938964844,479.20001220703125,106890,,NSE
CUMMINSIND,2012-04-26,473.5,485.0,470.3999938964844,480.3500061035156,158124,,NSE
CUMMINSIND,2012-04-27,484.8999938964844,484.8999938964844,478.0,483.04998779296875,151547,,NSE
CUMMINSIND,2012-04-30,482.1499938964844,486.0,476.04998779296875,482.45001220703125,115995,,NSE
CUMMINSIND,2012-05-02,490.0,499.70001220703125,478.1000061035156,491.5,682824,,NSE
CUMMINSIND,2012-05-03,493.5,496.0,486.6499938964844,489.25,220803,,NSE
CUMMINSIND,2012-05-04,491.95001220703125,492.95001220703125,472.95001220703125,476.75,280944,,NSE
CUMMINSIND,2012-05-07,470.0,475.0,460.25,468.8999938964844,330966,,NSE
CUMMINSIND,2012-05-08,469.1000061035156,469.1000061035156,445.0,454.0,401828,,NSE
CUMMINSIND,2012-05-09,445.95001220703125,457.0,442.0,453.6000061035156,255174,,NSE
CUMMINSIND,2012-05-10,456.5,461.0,454.20001220703125,457.04998779296875,687238,,NSE
CUMMINSIND,2012-05-11,457.5,459.8999938964844,446.0,447.25,173318,,NSE
CUMMINSIND,2012-05-14,440.29998779296875,450.0,422.0,428.6499938964844,336646,,NSE
CUMMINSIND,2012-05-15,434.6499938964844,448.6000061035156,415.0,444.95001220703125,341189,,NSE
CUMMINSIND,2012-05-16,436.1000061035156,458.95001220703125,434.0,450.29998779296875,949434,,NSE
CUMMINSIND,2012-05-17,456.04998779296875,458.3999938964844,406.3999938964844,430.1000061035156,864468,,NSE
CUMMINSIND,2012-05-18,424.95001220703125,435.0,420.0,431.79998779296875,256719,,NSE
CUMMINSIND,2012-05-21,432.1000061035156,433.95001220703125,417.0,421.5,240581,,NSE
CUMMINSIND,2012-05-22,420.70001220703125,423.0,401.04998779296875,405.0,601982,,NSE
CUMMINSIND,2012-05-23,404.95001220703125,408.95001220703125,395.1000061035156,404.95001220703125,283908,,NSE
CUMMINSIND,2012-05-24,405.0,416.0,402.04998779296875,410.79998779296875,298734,,NSE
CUMMINSIND,2012-05-25,411.0,432.3500061035156,410.25,425.20001220703125,949593,,NSE
CUMMINSIND,2012-05-28,431.6499938964844,444.70001220703125,427.1499938964844,442.70001220703125,226778,,NSE
CUMMINSIND,2012-05-29,442.0,447.79998779296875,433.04998779296875,435.5,132908,,NSE
CUMMINSIND,2012-05-30,431.25,435.8500061035156,422.04998779296875,425.95001220703125,103052,,NSE
CUMMINSIND,2012-05-31,421.0,433.6499938964844,417.0,428.3500061035156,136089,,NSE
CUMMINSIND,2012-06-01,428.79998779296875,428.79998779296875,415.0,419.45001220703125,135927,,NSE
CUMMINSIND,2012-06-04,416.6000061035156,428.8500061035156,410.5,425.6499938964844,63997,,NSE
CUMMINSIND,2012-06-05,428.6499938964844,437.0,421.25,433.54998779296875,61082,,NSE
CUMMINSIND,2012-06-06,440.5,440.54998779296875,430.1499938964844,435.3500061035156,168511,,NSE
CUMMINSIND,2012-06-07,433.04998779296875,442.25,428.54998779296875,431.70001220703125,82232,,NSE
CUMMINSIND,2012-06-08,434.45001220703125,434.45001220703125,424.0,430.45001220703125,83090,,NSE
CUMMINSIND,2012-06-11,433.95001220703125,439.8500061035156,425.0,428.6000061035156,54065,,NSE
CUMMINSIND,2012-06-12,427.6499938964844,431.0,414.0,422.25,161810,,NSE
CUMMINSIND,2012-06-13,425.0,437.8999938964844,424.1499938964844,433.3999938964844,173432,,NSE
CUMMINSIND,2012-06-14,432.54998779296875,436.0,420.8999938964844,424.3999938964844,60052,,NSE
CUMMINSIND,2012-06-15,429.8500061035156,430.25,418.5,421.8500061035156,218472,,NSE
CUMMINSIND,2012-06-18,433.0,433.0,423.0,426.95001220703125,149057,,NSE
CUMMINSIND,2012-06-19,428.54998779296875,429.8999938964844,420.20001220703125,423.3500061035156,57255,,NSE
CUMMINSIND,2012-06-20,426.54998779296875,427.8999938964844,415.20001220703125,421.75,180687,,NSE
CUMMINSIND,2012-06-21,419.0,424.5,417.1000061035156,421.54998779296875,281742,,NSE
CUMMINSIND,2012-06-22,415.0,436.20001220703125,415.0,434.0,402909,,NSE
CUMMINSIND,2012-06-25,437.04998779296875,443.3999938964844,434.3999938964844,439.1000061035156,159706,,NSE
CUMMINSIND,2012-06-26,435.04998779296875,443.8999938964844,435.04998779296875,438.29998779296875,110493,,NSE
CUMMINSIND,2012-06-27,434.04998779296875,447.0,434.04998779296875,444.0,227291,,NSE
CUMMINSIND,2012-06-28,446.79998779296875,451.79998779296875,436.45001220703125,437.8999938964844,124027,,NSE
CUMMINSIND,2012-06-29,439.5,461.6499938964844,437.45001220703125,449.45001220703125,275181,,NSE
CUMMINSIND,2012-07-02,451.70001220703125,454.1499938964844,444.25,445.70001220703125,72492,,NSE
CUMMINSIND,2012-07-03,448.95001220703125,460.6499938964844,447.95001220703125,457.6499938964844,875548,,NSE
CUMMINSIND,2012-07-04,464.25,464.95001220703125,451.1499938964844,454.45001220703125,89624,,NSE
CUMMINSIND,2012-07-05,455.45001220703125,457.95001220703125,453.29998779296875,455.8999938964844,292778,,NSE
CUMMINSIND,2012-07-06,454.79998779296875,463.8999938964844,450.1000061035156,453.04998779296875,713493,,NSE
CUMMINSIND,2012-07-09,450.04998779296875,450.1499938964844,442.6000061035156,445.0,36067,,NSE
CUMMINSIND,2012-07-10,442.3500061035156,450.04998779296875,442.3500061035156,449.8999938964844,159258,,NSE
CUMMINSIND,2012-07-11,434.95001220703125,442.25,423.20001220703125,436.6000061035156,786471,,NSE
CUMMINSIND,2012-07-12,436.29998779296875,444.0,430.25,435.79998779296875,149727,,NSE
CUMMINSIND,2012-07-13,435.0,442.8500061035156,430.6000061035156,432.5,250965,,NSE
CUMMINSIND,2012-07-16,436.0,444.20001220703125,432.6499938964844,442.04998779296875,222812,,NSE
CUMMINSIND,2012-07-17,441.6499938964844,444.25,432.0,433.70001220703125,56361,,NSE
CUMMINSIND,2012-07-18,431.5,437.8999938964844,426.3999938964844,434.1499938964844,115843,,NSE
CUMMINSIND,2012-07-19,435.04998779296875,442.0,433.5,437.6000061035156,54605,,NSE
CUMMINSIND,2012-07-20,438.1000061035156,439.79998779296875,431.0,437.79998779296875,81886,,NSE
CUMMINSIND,2012-07-23,437.8999938964844,439.20001220703125,431.25,434.0,48626,,NSE
CUMMINSIND,2012-07-24,434.3999938964844,434.45001220703125,429.1499938964844,430.1499938964844,200764,,NSE
CUMMINSIND,2012-07-25,428.1499938964844,434.79998779296875,425.20001220703125,432.70001220703125,378619,,NSE
CUMMINSIND,2012-07-26,429.3999938964844,432.5,420.0,421.8999938964844,111830,,NSE
CUMMINSIND,2012-07-27,427.29998779296875,431.29998779296875,426.0,428.5,87542,,NSE
CUMMINSIND,2012-07-30,434.0,434.0,426.0,427.54998779296875,71479,,NSE
CUMMINSIND,2012-07-31,426.0,430.0,423.1000061035156,427.3999938964844,81576,,NSE
CUMMINSIND,2012-08-01,431.3999938964844,441.70001220703125,429.95001220703125,437.5,145043,,NSE
CUMMINSIND,2012-08-02,437.0,475.54998779296875,430.6000061035156,466.75,2303612,,NSE
CUMMINSIND,2012-08-03,466.75,476.54998779296875,459.04998779296875,464.1499938964844,1158823,,NSE
CUMMINSIND,2012-08-06,469.3500061035156,471.70001220703125,464.1499938964844,466.1499938964844,149572,,NSE
CUMMINSIND,2012-08-07,463.29998779296875,472.0,462.3500061035156,470.1000061035156,363501,,NSE
CUMMINSIND,2012-08-08,473.54998779296875,490.95001220703125,471.0,484.8999938964844,652918,,NSE
CUMMINSIND,2012-08-09,486.5,490.8999938964844,480.0,482.0,291381,,NSE
CUMMINSIND,2012-08-10,480.45001220703125,486.95001220703125,472.5,474.70001220703125,101162,,NSE
CUMMINSIND,2012-08-13,476.25,485.0,474.75,481.75,244334,,NSE
CUMMINSIND,2012-08-14,481.04998779296875,486.8999938964844,477.1000061035156,478.70001220703125,137083,,NSE
CUMMINSIND,2012-08-16,477.95001220703125,480.0,469.1499938964844,473.95001220703125,96700,,NSE
CUMMINSIND,2012-08-17,470.29998779296875,479.3500061035156,470.29998779296875,473.0,88652,,NSE
CUMMINSIND,2012-08-21,474.70001220703125,477.54998779296875,467.20001220703125,470.1000061035156,80714,,NSE
CUMMINSIND,2012-08-22,468.3500061035156,470.8500061035156,454.0,463.04998779296875,110564,,NSE
CUMMINSIND,2012-08-23,470.0,472.6000061035156,460.04998779296875,462.29998779296875,100026,,NSE
CUMMINSIND,2012-08-24,466.8500061035156,467.0,455.1000061035156,459.3500061035156,83129,,NSE
CUMMINSIND,2012-08-27,460.0,463.54998779296875,450.1000061035156,457.29998779296875,104456,,NSE
CUMMINSIND,2012-08-28,459.70001220703125,469.5,451.5,464.45001220703125,246822,,NSE
CUMMINSIND,2012-08-29,465.95001220703125,469.0,455.95001220703125,458.6000061035156,101261,,NSE
CUMMINSIND,2012-08-30,462.70001220703125,466.0,446.04998779296875,457.70001220703125,487194,,NSE
CUMMINSIND,2012-08-31,459.0,462.79998779296875,452.29998779296875,460.0,394807,,NSE
CUMMINSIND,2012-09-03,462.0,464.95001220703125,456.1499938964844,461.8500061035156,53185,,NSE
CUMMINSIND,2012-09-04,464.5,472.1000061035156,455.0,458.6499938964844,365327,,NSE
CUMMINSIND,2012-09-05,460.04998779296875,461.70001220703125,445.0,446.95001220703125,96071,,NSE
CUMMINSIND,2012-09-06,448.79998779296875,470.5,445.04998779296875,465.70001220703125,441870,,NSE
CUMMINSIND,2012-09-07,470.0,475.3999938964844,459.20001220703125,463.5,159595,,NSE
CUMMINSIND,2012-09-10,466.1000061035156,467.20001220703125,457.8999938964844,459.6499938964844,66709,,NSE
CUMMINSIND,2012-09-11,460.25,464.6000061035156,455.6000061035156,461.1499938964844,142354,,NSE
CUMMINSIND,2012-09-12,463.0,464.75,455.0,457.1499938964844,98257,,NSE
CUMMINSIND,2012-09-13,458.1499938964844,458.20001220703125,447.04998779296875,452.0,337161,,NSE
CUMMINSIND,2012-09-14,456.0,464.0,452.0,453.3500061035156,296083,,NSE
CUMMINSIND,2012-09-17,455.04998779296875,468.8999938964844,455.04998779296875,464.45001220703125,202708,,NSE
CUMMINSIND,2012-09-18,464.79998779296875,484.45001220703125,464.79998779296875,480.5,607205,,NSE
CUMMINSIND,2012-09-20,480.0,482.5,470.1000061035156,476.6499938964844,217755,,NSE
CUMMINSIND,2012-09-21,477.3999938964844,486.5,476.8500061035156,482.3999938964844,519147,,NSE
CUMMINSIND,2012-09-24,488.95001220703125,489.0,471.3999938964844,479.8500061035156,429272,,NSE
CUMMINSIND,2012-09-25,482.20001220703125,489.0,472.0,478.6000061035156,359095,,NSE
CUMMINSIND,2012-09-26,480.1499938964844,510.0,477.6499938964844,503.45001220703125,1662911,,NSE
CUMMINSIND,2012-09-27,504.04998779296875,509.79998779296875,472.0,489.79998779296875,868497,,NSE
CUMMINSIND,2012-09-28,500.0,518.5999755859375,482.29998779296875,505.25,578051,,NSE
CUMMINSIND,2012-10-01,508.95001220703125,513.3499755859375,502.0,507.8999938964844,151561,,NSE
CUMMINSIND,2012-10-03,512.0,514.4000244140625,501.0,506.8500061035156,389595,,NSE
CUMMINSIND,2012-10-04,513.0,517.9500122070312,505.1000061035156,510.6000061035156,526795,,NSE
CUMMINSIND,2012-10-05,512.4000244140625,512.4500122070312,494.0,509.79998779296875,227656,,NSE
CUMMINSIND,2012-10-08,510.3999938964844,513.9000244140625,499.25,505.6000061035156,154880,,NSE
CUMMINSIND,2012-10-09,506.0,517.5,506.0,511.1499938964844,179793,,NSE
CUMMINSIND,2012-10-10,514.0,514.0,484.8999938964844,495.1000061035156,355598,,NSE
CUMMINSIND,2012-10-11,492.8500061035156,499.0,492.0,496.0,461810,,NSE
CUMMINSIND,2012-10-12,496.20001220703125,501.45001220703125,482.3500061035156,487.20001220703125,255418,,NSE
CUMMINSIND,2012-10-15,487.20001220703125,495.0,482.45001220703125,490.3500061035156,181158,,NSE
CUMMINSIND,2012-10-16,494.0,537.5999755859375,489.0,492.8999938964844,136816,,NSE
CUMMINSIND,2012-10-17,496.95001220703125,500.29998779296875,494.0,498.70001220703125,171702,,NSE
CUMMINSIND,2012-10-18,498.70001220703125,511.0,498.70001220703125,506.8500061035156,941754,,NSE
CUMMINSIND,2012-10-19,507.0,507.0,495.1000061035156,502.79998779296875,122461,,NSE
CUMMINSIND,2012-10-22,500.25,504.45001220703125,485.1000061035156,488.79998779296875,323435,,NSE
CUMMINSIND,2012-10-23,490.3500061035156,496.5,485.8999938964844,489.79998779296875,158683,,NSE
CUMMINSIND,2012-10-25,493.8500061035156,493.8500061035156,486.25,488.8999938964844,80472,,NSE
CUMMINSIND,2012-10-29,488.25,491.5,482.0,486.6000061035156,62481,,NSE
CUMMINSIND,2012-10-30,487.0,490.0,482.25,487.3500061035156,39149,,NSE
CUMMINSIND,2012-10-31,485.29998779296875,494.0,484.0,488.79998779296875,19601,,NSE
CUMMINSIND,2012-11-01,490.0,490.0,478.75,480.1499938964844,95681,,NSE
CUMMINSIND,2012-11-02,482.1499938964844,488.79998779296875,476.1000061035156,480.0,98425,,NSE
CUMMINSIND,2012-11-05,487.45001220703125,487.6499938964844,475.0,483.5,58492,,NSE
CUMMINSIND,2012-11-06,478.04998779296875,488.0,474.70001220703125,486.6000061035156,167846,,NSE
CUMMINSIND,2012-11-07,486.95001220703125,493.1000061035156,483.5,489.20001220703125,117166,,NSE
CUMMINSIND,2012-11-08,488.8500061035156,491.5,481.0,483.3500061035156,66363,,NSE
CUMMINSIND,2012-11-09,485.54998779296875,490.45001220703125,469.3500061035156,482.5,182238,,NSE
CUMMINSIND,2012-11-12,485.1499938964844,485.8500061035156,465.04998779296875,471.75,276442,,NSE
CUMMINSIND,2012-11-15,472.04998779296875,477.95001220703125,460.5,463.8999938964844,411745,,NSE
CUMMINSIND,2012-11-16,467.0,467.8999938964844,456.29998779296875,460.04998779296875,292167,,NSE
CUMMINSIND,2012-11-19,455.54998779296875,463.45001220703125,455.0,456.95001220703125,142412,,NSE
CUMMINSIND,2012-11-20,462.95001220703125,462.95001220703125,452.29998779296875,459.79998779296875,75644,,NSE
CUMMINSIND,2012-11-21,457.20001220703125,461.0,415.0,458.5,163917,,NSE
CUMMINSIND,2012-11-22,460.0,465.95001220703125,457.25,463.1499938964844,135191,,NSE
CUMMINSIND,2012-11-23,466.45001220703125,468.0,461.79998779296875,464.0,86388,,NSE
CUMMINSIND,2012-11-26,464.0,473.0,461.0,469.20001220703125,265765,,NSE
CUMMINSIND,2012-11-27,471.8999938964844,479.79998779296875,464.0,466.25,187334,,NSE
CUMMINSIND,2012-11-29,469.1000061035156,482.6000061035156,464.54998779296875,476.3999938964844,405177,,NSE
CUMMINSIND,2012-11-30,476.0,488.70001220703125,475.0,485.3500061035156,449504,,NSE
CUMMINSIND,2012-12-03,485.3999938964844,492.70001220703125,485.3999938964844,487.70001220703125,93487,,NSE
CUMMINSIND,2012-12-04,492.70001220703125,492.75,483.25,485.95001220703125,70280,,NSE
CUMMINSIND,2012-12-05,489.95001220703125,504.8999938964844,481.1000061035156,498.1000061035156,279567,,NSE
CUMMINSIND,2012-12-06,504.75,505.0,492.04998779296875,499.95001220703125,81081,,NSE
CUMMINSIND,2012-12-07,501.5,509.95001220703125,501.5,505.8500061035156,440312,,NSE
CUMMINSIND,2012-12-10,500.25,510.0,500.1499938964844,509.54998779296875,91499,,NSE
CUMMINSIND,2012-12-11,509.95001220703125,510.0,496.0,503.95001220703125,88111,,NSE
CUMMINSIND,2012-12-12,504.3500061035156,514.9000244140625,500.1000061035156,504.8999938964844,674794,,NSE
CUMMINSIND,2012-12-13,506.04998779296875,510.0,498.0,500.8999938964844,109866,,NSE
CUMMINSIND,2012-12-14,504.20001220703125,507.0,501.0,504.25,132202,,NSE
CUMMINSIND,2012-12-17,505.5,510.04998779296875,504.04998779296875,507.0,84905,,NSE
CUMMINSIND,2012-12-18,507.79998779296875,511.0,505.0,507.70001220703125,84532,,NSE
CUMMINSIND,2012-12-19,506.1499938964844,511.0,506.1499938964844,509.8999938964844,146915,,NSE
CUMMINSIND,2012-12-20,509.8500061035156,509.8999938964844,485.0,508.45001220703125,78119,,NSE
CUMMINSIND,2012-12-21,508.45001220703125,509.8999938964844,499.1000061035156,505.6000061035156,90133,,NSE
CUMMINSIND,2012-12-24,504.3999938964844,510.0,498.1000061035156,500.70001220703125,256473,,NSE
CUMMINSIND,2012-12-26,504.54998779296875,514.0,501.1000061035156,510.04998779296875,112771,,NSE
CUMMINSIND,2012-12-27,510.04998779296875,516.0,506.0,514.5499877929688,114228,,NSE
CUMMINSIND,2012-12-28,519.4500122070312,525.0,514.75,523.0999755859375,182070,,NSE
CUMMINSIND,2012-12-31,523.0,528.0,513.1500244140625,519.4000244140625,150672,,NSE
CUMMINSIND,2013-01-01,521.5,524.0,517.2999877929688,519.3499755859375,24068,,NSE
CUMMINSIND,2013-01-02,520.9000244140625,521.4500122070312,515.2999877929688,519.0,122723,,NSE
CUMMINSIND,2013-01-03,521.0,542.4000244140625,518.2000122070312,537.25,150351,,NSE
CUMMINSIND,2013-01-04,541.0,541.2000122070312,531.25,538.0,208632,,NSE
CUMMINSIND,2013-01-07,537.8499755859375,538.0,528.2000122070312,535.4500122070312,207696,,NSE
CUMMINSIND,2013-01-08,535.9000244140625,535.9000244140625,520.1500244140625,528.75,142727,,NSE
CUMMINSIND,2013-01-09,533.5999755859375,537.0,527.5999755859375,529.5999755859375,79200,,NSE
CUMMINSIND,2013-01-10,531.4500122070312,533.4000244140625,512.3499755859375,521.9000244140625,304163,,NSE
CUMMINSIND,2013-01-11,525.0,529.0,513.5,515.9500122070312,25372,,NSE
CUMMINSIND,2013-01-14,511.25,533.7999877929688,511.25,526.9000244140625,61161,,NSE
CUMMINSIND,2013-01-15,526.25,529.5,514.3499755859375,520.2000122070312,275525,,NSE
CUMMINSIND,2013-01-16,524.0,530.0,516.0499877929688,518.75,99080,,NSE
CUMMINSIND,2013-01-17,519.9500122070312,524.8499755859375,505.0,507.29998779296875,123991,,NSE
CUMMINSIND,2013-01-18,506.0,507.3999938964844,487.5,490.1000061035156,397444,,NSE
CUMMINSIND,2013-01-21,485.1499938964844,496.25,485.0,488.6000061035156,196114,,NSE
CUMMINSIND,2013-01-22,492.79998779296875,494.0,488.0,492.1000061035156,154082,,NSE
CUMMINSIND,2013-01-23,492.0,499.8500061035156,490.5,493.6499938964844,200723,,NSE
CUMMINSIND,2013-01-24,489.5,501.0,489.5,497.5,528093,,NSE
CUMMINSIND,2013-01-25,500.5,508.8999938964844,487.0,492.8500061035156,104371,,NSE
CUMMINSIND,2013-01-28,495.3999938964844,499.8999938964844,487.75,489.8999938964844,583657,,NSE
CUMMINSIND,2013-01-29,490.45001220703125,494.0,483.3999938964844,489.8999938964844,191661,,NSE
CUMMINSIND,2013-01-30,488.8999938964844,491.95001220703125,476.29998779296875,480.8999938964844,363070,,NSE
CUMMINSIND,2013-01-31,483.8999938964844,494.70001220703125,477.0,489.79998779296875,142208,,NSE
CUMMINSIND,2013-02-01,500.0,526.7000122070312,495.5,500.75,432253,,NSE
CUMMINSIND,2013-02-04,503.3500061035156,509.8500061035156,501.0,504.29998779296875,255206,,NSE
CUMMINSIND,2013-02-05,502.8500061035156,508.0,494.0,497.95001220703125,191024,,NSE
CUMMINSIND,2013-02-06,505.0,507.8999938964844,500.04998779296875,506.3500061035156,331233,,NSE
CUMMINSIND,2013-02-07,507.0,522.0,503.8500061035156,510.95001220703125,197548,,NSE
CUMMINSIND,2013-02-08,513.4500122070312,522.0,506.1499938964844,508.8500061035156,655829,,NSE
CUMMINSIND,2013-02-11,508.8500061035156,512.0499877929688,500.95001220703125,504.25,38613,,NSE
CUMMINSIND,2013-02-12,506.0,509.29998779296875,502.0,502.95001220703125,330346,,NSE
CUMMINSIND,2013-02-13,506.95001220703125,507.79998779296875,489.1000061035156,492.20001220703125,50453,,NSE
CUMMINSIND,2013-02-14,492.25,494.0,476.5,483.8500061035156,218522,,NSE
CUMMINSIND,2013-02-15,481.8500061035156,484.95001220703125,470.3500061035156,482.5,75855,,NSE
CUMMINSIND,2013-02-18,486.29998779296875,500.8999938964844,482.6499938964844,496.8999938964844,330854,,NSE
CUMMINSIND,2013-02-19,502.95001220703125,507.0,496.0,504.5,475422,,NSE
CUMMINSIND,2013-02-20,502.6000061035156,515.7000122070312,500.0,503.45001220703125,1116041,,NSE
CUMMINSIND,2013-02-21,499.04998779296875,504.8999938964844,492.20001220703125,494.0,337889,,NSE
CUMMINSIND,2013-02-22,499.95001220703125,500.0,491.20001220703125,494.20001220703125,621964,,NSE
CUMMINSIND,2013-02-25,499.95001220703125,499.95001220703125,478.0,480.75,63081,,NSE
CUMMINSIND,2013-02-26,479.29998779296875,488.79998779296875,478.5,482.95001220703125,524909,,NSE
CUMMINSIND,2013-02-27,483.0,488.0,480.25,482.8500061035156,467883,,NSE
CUMMINSIND,2013-02-28,489.70001220703125,489.70001220703125,472.1000061035156,476.95001220703125,101635,,NSE
CUMMINSIND,2013-03-01,481.3500061035156,502.75,476.0,495.70001220703125,360511,,NSE
CUMMINSIND,2013-03-04,498.95001220703125,504.3999938964844,473.0,485.79998779296875,235565,,NSE
CUMMINSIND,2013-03-05,486.04998779296875,494.8999938964844,480.45001220703125,484.8500061035156,394245,,NSE
CUMMINSIND,2013-03-06,489.3999938964844,492.79998779296875,483.8999938964844,486.54998779296875,34294,,NSE
CUMMINSIND,2013-03-07,487.6499938964844,505.0,486.0,498.04998779296875,269584,,NSE
CUMMINSIND,2013-03-08,499.70001220703125,509.29998779296875,498.20001220703125,503.75,184091,,NSE
CUMMINSIND,2013-03-11,518.5,518.5,498.8500061035156,502.75,95158,,NSE
CUMMINSIND,2013-03-12,503.20001220703125,509.0,503.0,505.95001220703125,265782,,NSE
CUMMINSIND,2013-03-13,502.3500061035156,508.75,485.5,499.54998779296875,70609,,NSE
CUMMINSIND,2013-03-14,502.54998779296875,504.0,491.25,500.54998779296875,189419,,NSE
CUMMINSIND,2013-03-15,497.0,509.0,485.04998779296875,498.6499938964844,628441,,NSE
CUMMINSIND,2013-03-18,495.95001220703125,503.0,488.3500061035156,494.1499938964844,92622,,NSE
CUMMINSIND,2013-03-19,493.54998779296875,503.70001220703125,490.54998779296875,497.8999938964844,268080,,NSE
CUMMINSIND,2013-03-20,497.1000061035156,502.8999938964844,489.0,495.5,366373,,NSE
CUMMINSIND,2013-03-21,498.95001220703125,498.95001220703125,488.0,490.1499938964844,32084,,NSE
CUMMINSIND,2013-03-22,483.54998779296875,495.0,476.1000061035156,480.0,182540,,NSE
CUMMINSIND,2013-03-25,481.75,498.95001220703125,475.0,482.29998779296875,216781,,NSE
CUMMINSIND,2013-03-26,488.70001220703125,491.95001220703125,480.54998779296875,486.3500061035156,391103,,NSE
CUMMINSIND,2013-03-28,490.0,503.79998779296875,483.04998779296875,499.0,215453,,NSE
CUMMINSIND,2013-04-01,492.54998779296875,503.0,488.3999938964844,501.1000061035156,65737,,NSE
CUMMINSIND,2013-04-02,502.04998779296875,505.0,493.0,495.70001220703125,29980,,NSE
CUMMINSIND,2013-04-03,496.0,501.8500061035156,495.0,500.0,104621,,NSE
CUMMINSIND,2013-04-04,495.0,498.8999938964844,490.1000061035156,495.04998779296875,58214,,NSE
CUMMINSIND,2013-04-05,489.0,502.8999938964844,489.0,499.70001220703125,61162,,NSE
CUMMINSIND,2013-04-08,499.95001220703125,499.95001220703125,493.0,498.0,107448,,NSE
CUMMINSIND,2013-04-09,500.0,508.0,495.6000061035156,498.95001220703125,252241,,NSE
CUMMINSIND,2013-04-10,499.0,505.70001220703125,487.45001220703125,489.70001220703125,321723,,NSE
CUMMINSIND,2013-04-11,490.0,496.95001220703125,490.0,491.8500061035156,34936,,NSE
CUMMINSIND,2013-04-12,487.6499938964844,498.0,485.0,495.29998779296875,39781,,NSE
CUMMINSIND,2013-04-15,495.95001220703125,498.70001220703125,470.0,478.8500061035156,166839,,NSE
CUMMINSIND,2013-04-16,480.0,503.70001220703125,479.0,500.20001220703125,69101,,NSE
CUMMINSIND,2013-04-17,500.0,504.70001220703125,491.1000061035156,500.04998779296875,438251,,NSE
CUMMINSIND,2013-04-18,501.04998779296875,503.8999938964844,493.6000061035156,499.45001220703125,25255,,NSE
CUMMINSIND,2013-04-22,495.0,509.8999938964844,495.0,504.3999938964844,62339,,NSE
CUMMINSIND,2013-04-23,505.04998779296875,517.0,504.6499938964844,515.6500244140625,559397,,NSE
CUMMINSIND,2013-04-25,516.0,521.6500244140625,501.1000061035156,507.75,235485,,NSE
CUMMINSIND,2013-04-26,509.0,515.9500122070312,507.3999938964844,510.1000061035156,45778,,NSE
CUMMINSIND,2013-04-29,518.0,522.0,510.04998779296875,516.7999877929688,89867,,NSE
CUMMINSIND,2013-04-30,513.0,522.0,506.0,511.1499938964844,40748,,NSE
CUMMINSIND,2013-05-02,512.0,525.0,506.29998779296875,522.0499877929688,257604,,NSE
CUMMINSIND,2013-05-03,522.0,522.0,513.0,515.7000122070312,107425,,NSE
CUMMINSIND,2013-05-06,515.0,522.0,515.0,520.0499877929688,52098,,NSE
CUMMINSIND,2013-05-07,520.0,526.0999755859375,515.0999755859375,518.1500244140625,71714,,NSE
CUMMINSIND,2013-05-08,518.2999877929688,525.0,514.0,517.9000244140625,136201,,NSE
CUMMINSIND,2013-05-09,518.0,525.0,515.5999755859375,519.6500244140625,79495,,NSE
CUMMINSIND,2013-05-10,520.25,530.0,520.0999755859375,523.2000122070312,317653,,NSE
CUMMINSIND,2013-05-13,529.0,529.0,510.04998779296875,511.8500061035156,254052,,NSE
CUMMINSIND,2013-05-14,511.8500061035156,523.0499877929688,508.6499938964844,510.25,556759,,NSE
CUMMINSIND,2013-05-15,512.0,515.5499877929688,502.0,503.45001220703125,245976,,NSE
CUMMINSIND,2013-05-16,502.0,509.8999938964844,497.0,498.75,171044,,NSE
CUMMINSIND,2013-05-17,498.0,502.04998779296875,482.29998779296875,495.1000061035156,267258,,NSE
CUMMINSIND,2013-05-20,500.0,501.8999938964844,482.25,485.20001220703125,262023,,NSE
CUMMINSIND,2013-05-21,491.0,491.0,472.5,478.6000061035156,357014,,NSE
CUMMINSIND,2013-05-22,478.6000061035156,482.95001220703125,473.1000061035156,474.3999938964844,102104,,NSE
CUMMINSIND,2013-05-23,475.0,475.04998779296875,460.0,464.79998779296875,578511,,NSE
CUMMINSIND,2013-05-24,470.0,470.0,462.04998779296875,464.8500061035156,147865,,NSE
CUMMINSIND,2013-05-27,473.95001220703125,479.0,466.0,474.8999938964844,158846,,NSE
CUMMINSIND,2013-05-28,475.0,479.0,467.0,469.04998779296875,166634,,NSE
CUMMINSIND,2013-05-29,475.5,477.95001220703125,459.29998779296875,461.8999938964844,221345,,NSE
CUMMINSIND,2013-05-30,458.25,460.0,450.1000061035156,454.3500061035156,510825,,NSE
CUMMINSIND,2013-05-31,454.0,461.3999938964844,441.54998779296875,453.3999938964844,329268,,NSE
CUMMINSIND,2013-06-03,454.0,460.79998779296875,446.6499938964844,450.3500061035156,217754,,NSE
CUMMINSIND,2013-06-04,450.6000061035156,458.70001220703125,447.0,451.5,288467,,NSE
CUMMINSIND,2013-06-05,450.0,464.45001220703125,450.0,458.54998779296875,123372,,NSE
CUMMINSIND,2013-06-06,454.0,470.0,452.04998779296875,463.79998779296875,154757,,NSE
CUMMINSIND,2013-06-07,459.1000061035156,469.0,456.70001220703125,465.75,164104,,NSE
CUMMINSIND,2013-06-10,470.0,474.79998779296875,455.25,458.70001220703125,58282,,NSE
CUMMINSIND,2013-06-11,455.1000061035156,458.54998779296875,447.6499938964844,450.6000061035156,94818,,NSE
CUMMINSIND,2013-06-12,451.1000061035156,455.0,450.0,451.70001220703125,70317,,NSE
CUMMINSIND,2013-06-13,451.70001220703125,457.95001220703125,449.6499938964844,455.54998779296875,85068,,NSE
CUMMINSIND,2013-06-14,463.5,464.0,454.79998779296875,456.1499938964844,261052,,NSE
CUMMINSIND,2013-06-17,460.5,466.0,455.8999938964844,464.6000061035156,39244,,NSE
CUMMINSIND,2013-06-18,465.0,467.0,460.0,462.75,57121,,NSE
CUMMINSIND,2013-06-19,462.70001220703125,465.0,457.6000061035156,460.70001220703125,129724,,NSE
CUMMINSIND,2013-06-20,461.0,463.8500061035156,452.0,458.20001220703125,80717,,NSE
CUMMINSIND,2013-06-21,457.0,458.8999938964844,452.0,457.20001220703125,50625,,NSE
CUMMINSIND,2013-06-24,459.0,459.0,450.1000061035156,453.3999938964844,161635,,NSE
CUMMINSIND,2013-06-25,458.8500061035156,458.8500061035156,444.3999938964844,449.6499938964844,126881,,NSE
CUMMINSIND,2013-06-26,455.0,459.95001220703125,448.0,448.6499938964844,110438,,NSE
CUMMINSIND,2013-06-27,457.0,457.0,447.75,449.1000061035156,291396,,NSE
CUMMINSIND,2013-06-28,453.1000061035156,476.6499938964844,436.95001220703125,455.79998779296875,465289,,NSE
CUMMINSIND,2013-07-01,456.0,460.75,446.0,448.54998779296875,128714,,NSE
CUMMINSIND,2013-07-02,449.0,453.0,444.29998779296875,449.8500061035156,84520,,NSE
CUMMINSIND,2013-07-03,453.0,453.0,438.1000061035156,443.1499938964844,102284,,NSE
CUMMINSIND,2013-07-04,447.20001220703125,448.45001220703125,440.3500061035156,443.0,40953,,NSE
CUMMINSIND,2013-07-05,445.0,448.3500061035156,442.0,443.1000061035156,59353,,NSE
CUMMINSIND,2013-07-08,444.0,444.0,407.3500061035156,434.6499938964844,249456,,NSE
CUMMINSIND,2013-07-09,444.79998779296875,461.3999938964844,438.1000061035156,454.04998779296875,189020,,NSE
CUMMINSIND,2013-07-10,454.1000061035156,457.95001220703125,448.8500061035156,450.8999938964844,247170,,NSE
CUMMINSIND,2013-07-11,447.0,459.0,447.0,457.04998779296875,192243,,NSE
CUMMINSIND,2013-07-12,459.0,463.0,454.0,455.29998779296875,113273,,NSE
CUMMINSIND,2013-07-15,457.0,460.0,454.6499938964844,459.54998779296875,343770,,NSE
CUMMINSIND,2013-07-16,459.8999938964844,468.0,456.04998779296875,461.45001220703125,181242,,NSE
CUMMINSIND,2013-07-17,466.70001220703125,466.70001220703125,451.20001220703125,458.8999938964844,324702,,NSE
CUMMINSIND,2013-07-18,460.04998779296875,463.25,457.5,459.25,226390,,NSE
CUMMINSIND,2013-07-19,463.79998779296875,465.0,449.5,451.1000061035156,280941,,NSE
CUMMINSIND,2013-07-22,457.0,458.8999938964844,443.1499938964844,451.0,60033,,NSE
CUMMINSIND,2013-07-23,451.0,457.8500061035156,441.04998779296875,444.3500061035156,240953,,NSE
CUMMINSIND,2013-07-24,441.0,467.8999938964844,441.0,442.6499938964844,247246,,NSE
CUMMINSIND,2013-07-25,438.8999938964844,438.8999938964844,421.0,422.70001220703125,265132,,NSE
CUMMINSIND,2013-07-26,425.04998779296875,425.04998779296875,411.04998779296875,416.20001220703125,158524,,NSE
CUMMINSIND,2013-07-29,416.20001220703125,419.0,402.1000061035156,411.1499938964844,226047,,NSE
CUMMINSIND,2013-07-30,407.1499938964844,422.54998779296875,402.20001220703125,415.20001220703125,141563,,NSE
CUMMINSIND,2013-07-31,410.0,429.79998779296875,408.3500061035156,428.0,256202,,NSE
CUMMINSIND,2013-08-01,430.0,439.8500061035156,402.0,407.25,260879,,NSE
CUMMINSIND,2013-08-02,404.8999938964844,406.1499938964844,384.04998779296875,399.0,514922,,NSE
CUMMINSIND,2013-08-05,408.95001220703125,408.95001220703125,371.0,389.95001220703125,225950,,NSE
CUMMINSIND,2013-08-06,394.3999938964844,398.5,381.0,393.04998779296875,215110,,NSE
CUMMINSIND,2013-08-07,397.0,397.0,384.6499938964844,387.04998779296875,459676,,NSE
CUMMINSIND,2013-08-08,387.04998779296875,396.0,386.0,387.3999938964844,67949,,NSE
CUMMINSIND,2013-08-12,394.79998779296875,394.79998779296875,385.3500061035156,386.8500061035156,408296,,NSE
CUMMINSIND,2013-08-13,385.1000061035156,391.20001220703125,384.0,389.8500061035156,109916,,NSE
CUMMINSIND,2013-08-14,388.0,412.0,387.20001220703125,396.04998779296875,149136,,NSE
CUMMINSIND,2013-08-16,398.0,398.0,385.6499938964844,387.1499938964844,101630,,NSE
CUMMINSIND,2013-08-19,391.79998779296875,391.79998779296875,374.5,380.6000061035156,129050,,NSE
CUMMINSIND,2013-08-20,379.0,389.8999938964844,373.3500061035156,384.0,177202,,NSE
CUMMINSIND,2013-08-21,382.0,389.75,371.0,373.1000061035156,286676,,NSE
CUMMINSIND,2013-08-22,373.0,383.79998779296875,369.1000061035156,380.1499938964844,303759,,NSE
CUMMINSIND,2013-08-23,390.0,390.0,376.0,377.8500061035156,280079,,NSE
CUMMINSIND,2013-08-26,376.04998779296875,393.0,376.04998779296875,388.6499938964844,66556,,NSE
CUMMINSIND,2013-08-27,385.0,389.95001220703125,385.0,386.0,1808193,,NSE
CUMMINSIND,2013-08-28,389.79998779296875,389.79998779296875,371.0,375.20001220703125,1697924,,NSE
CUMMINSIND,2013-08-29,376.0,384.0,376.0,382.79998779296875,549685,,NSE
CUMMINSIND,2013-08-30,378.04998779296875,413.79998779296875,378.04998779296875,393.3999938964844,980272,,NSE
CUMMINSIND,2013-09-02,400.0,402.6000061035156,386.29998779296875,389.8500061035156,277414,,NSE
CUMMINSIND,2013-09-03,393.8999938964844,393.8999938964844,381.0,382.1499938964844,774925,,NSE
CUMMINSIND,2013-09-04,382.6499938964844,387.04998779296875,375.0,383.25,1126490,,NSE
CUMMINSIND,2013-09-05,385.0,394.5,385.0,386.8999938964844,37275,,NSE
CUMMINSIND,2013-09-06,382.5,391.0,382.5,386.1499938964844,62861,,NSE
CUMMINSIND,2013-09-10,397.0,400.0,386.0,389.20001220703125,359857,,NSE
CUMMINSIND,2013-09-11,389.70001220703125,393.0,388.5,389.79998779296875,138410,,NSE
CUMMINSIND,2013-09-12,391.8999938964844,412.0,391.1000061035156,402.25,412832,,NSE
CUMMINSIND,2013-09-13,409.0,412.0,403.1000061035156,408.95001220703125,214117,,NSE
CUMMINSIND,2013-09-16,413.0,417.04998779296875,406.8999938964844,411.1499938964844,118284,,NSE
CUMMINSIND,2013-09-17,410.8500061035156,413.5,401.1499938964844,407.54998779296875,556417,,NSE
CUMMINSIND,2013-09-18,402.3999938964844,407.5,399.0,405.45001220703125,267848,,NSE
CUMMINSIND,2013-09-19,406.70001220703125,415.04998779296875,406.0,408.29998779296875,37479,,NSE
CUMMINSIND,2013-09-20,412.79998779296875,412.8999938964844,401.0,409.25,67347,,NSE
CUMMINSIND,2013-09-23,409.25,409.25,400.6000061035156,403.95001220703125,45145,,NSE
CUMMINSIND,2013-09-24,404.5,408.1000061035156,400.04998779296875,403.1000061035156,159457,,NSE
CUMMINSIND,2013-09-25,403.6499938964844,405.3999938964844,399.1000061035156,402.6000061035156,351639,,NSE
CUMMINSIND,2013-09-26,403.1499938964844,415.0,399.0,411.20001220703125,200089,,NSE
CUMMINSIND,2013-09-27,411.0,415.0,405.0,408.79998779296875,59847,,NSE
CUMMINSIND,2013-09-30,409.04998779296875,415.0,398.0,408.25,1067311,,NSE
CUMMINSIND,2013-10-01,410.0,414.0,405.5,411.70001220703125,153654,,NSE
CUMMINSIND,2013-10-03,413.0,413.79998779296875,408.0,409.8500061035156,129066,,NSE
CUMMINSIND,2013-10-04,410.3999938964844,413.70001220703125,403.5,404.20001220703125,62367,,NSE
CUMMINSIND,2013-10-07,404.75,409.8999938964844,401.20001220703125,401.70001220703125,77944,,NSE
CUMMINSIND,2013-10-08,404.0,410.25,400.0,400.95001220703125,57645,,NSE
CUMMINSIND,2013-10-09,400.0,405.5,398.0,401.6499938964844,47496,,NSE
CUMMINSIND,2013-10-10,398.5,405.0,398.5,402.95001220703125,128530,,NSE
CUMMINSIND,2013-10-11,405.0,408.8999938964844,400.79998779296875,402.3500061035156,132279,,NSE
CUMMINSIND,2013-10-14,405.0,408.0,401.0,401.6499938964844,51160,,NSE
CUMMINSIND,2013-10-15,402.20001220703125,405.5,400.5,401.6499938964844,163806,,NSE
CUMMINSIND,2013-10-17,400.0,407.95001220703125,400.0,406.5,32349,,NSE
CUMMINSIND,2013-10-18,403.0,418.0,403.0,411.70001220703125,134771,,NSE
CUMMINSIND,2013-10-21,412.25,424.8500061035156,410.5,414.6000061035156,87845,,NSE
CUMMINSIND,2013-10-22,415.1000061035156,422.5,405.3500061035156,407.6499938964844,92344,,NSE
CUMMINSIND,2013-10-23,408.20001220703125,412.1499938964844,407.0,409.20001220703125,35931,,NSE
CUMMINSIND,2013-10-24,407.5,411.0,403.70001220703125,404.95001220703125,152879,,NSE
CUMMINSIND,2013-10-25,405.1000061035156,408.79998779296875,401.0,402.8500061035156,71042,,NSE
CUMMINSIND,2013-10-28,403.0,406.8999938964844,399.8999938964844,400.8999938964844,71526,,NSE
CUMMINSIND,2013-10-29,400.04998779296875,402.95001220703125,398.25,400.79998779296875,633940,,NSE
CUMMINSIND,2013-10-30,401.0,406.0,388.20001220703125,393.95001220703125,607725,,NSE
CUMMINSIND,2013-10-31,399.8999938964844,399.8999938964844,392.8999938964844,395.0,237623,,NSE
CUMMINSIND,2013-11-01,399.45001220703125,400.1499938964844,395.1000061035156,398.75,112210,,NSE
CUMMINSIND,2013-11-05,412.0,412.0,406.5,408.25,75919,,NSE
CUMMINSIND,2013-11-06,406.75,412.1499938964844,401.04998779296875,402.8999938964844,128205,,NSE
CUMMINSIND,2013-11-07,407.0,408.8999938964844,401.0,403.3500061035156,162705,,NSE
CUMMINSIND,2013-11-08,398.75,406.95001220703125,391.5,404.70001220703125,291843,,NSE
CUMMINSIND,2013-11-11,411.0,411.04998779296875,398.54998779296875,401.8999938964844,507064,,NSE
CUMMINSIND,2013-11-12,404.0,404.0,399.04998779296875,400.5,242703,,NSE
CUMMINSIND,2013-11-13,402.0,402.0,395.54998779296875,397.75,288653,,NSE
CUMMINSIND,2013-11-14,399.8999938964844,405.79998779296875,398.0,400.20001220703125,173892,,NSE
CUMMINSIND,2013-11-18,406.20001220703125,406.6000061035156,400.04998779296875,401.6000061035156,445745,,NSE
CUMMINSIND,2013-11-19,400.3999938964844,417.8999938964844,400.3999938964844,413.79998779296875,327357,,NSE
CUMMINSIND,2013-11-20,416.8500061035156,432.3500061035156,414.1499938964844,424.3500061035156,453207,,NSE
CUMMINSIND,2013-11-21,424.8999938964844,434.0,414.0,419.3500061035156,389038,,NSE
CUMMINSIND,2013-11-22,419.8500061035156,430.0,419.8500061035156,427.45001220703125,362846,,NSE
CUMMINSIND,2013-11-25,428.0,431.54998779296875,425.5,427.20001220703125,79862,,NSE
CUMMINSIND,2013-11-26,427.20001220703125,431.3999938964844,416.5,419.45001220703125,359086,,NSE
CUMMINSIND,2013-11-27,419.45001220703125,430.5,416.3500061035156,418.6499938964844,150758,,NSE
CUMMINSIND,2013-11-28,419.1499938964844,428.5,419.0,426.95001220703125,325108,,NSE
CUMMINSIND,2013-11-29,427.5,443.20001220703125,424.1499938964844,431.20001220703125,301575,,NSE
CUMMINSIND,2013-12-02,431.75,459.70001220703125,430.75,449.1000061035156,635422,,NSE
CUMMINSIND,2013-12-03,450.45001220703125,456.3999938964844,447.0,449.75,297929,,NSE
CUMMINSIND,2013-12-04,450.0,454.75,440.3999938964844,444.1000061035156,132501,,NSE
CUMMINSIND,2013-12-05,446.29998779296875,458.6000061035156,436.0,447.54998779296875,273118,,NSE
CUMMINSIND,2013-12-06,449.5,459.5,446.5,450.3500061035156,196305,,NSE
CUMMINSIND,2013-12-09,460.1000061035156,465.70001220703125,447.0,449.25,426773,,NSE
CUMMINSIND,2013-12-10,453.0,453.0,439.25,440.95001220703125,304930,,NSE
CUMMINSIND,2013-12-11,441.0,448.79998779296875,439.04998779296875,444.6499938964844,175532,,NSE
CUMMINSIND,2013-12-12,438.3500061035156,448.25,438.3500061035156,446.20001220703125,373431,,NSE
CUMMINSIND,2013-12-13,443.54998779296875,446.6000061035156,424.5,429.3500061035156,230877,,NSE
CUMMINSIND,2013-12-16,431.70001220703125,434.8999938964844,417.70001220703125,421.04998779296875,158007,,NSE
CUMMINSIND,2013-12-17,423.8999938964844,457.29998779296875,423.8999938964844,441.45001220703125,383683,,NSE
CUMMINSIND,2013-12-18,441.6000061035156,463.6000061035156,438.29998779296875,460.0,1089874,,NSE
CUMMINSIND,2013-12-19,472.0,479.45001220703125,458.5,463.70001220703125,370283,,NSE
CUMMINSIND,2013-12-20,460.0,491.0,460.0,477.3500061035156,376939,,NSE
CUMMINSIND,2013-12-23,480.0,489.45001220703125,463.1000061035156,470.04998779296875,203248,,NSE
CUMMINSIND,2013-12-24,471.1000061035156,481.04998779296875,465.0,466.25,89230,,NSE
CUMMINSIND,2013-12-26,467.95001220703125,478.8999938964844,467.1000061035156,469.75,74400,,NSE
CUMMINSIND,2013-12-27,466.0,477.70001220703125,466.0,469.95001220703125,89163,,NSE
CUMMINSIND,2013-12-30,471.20001220703125,483.8500061035156,468.0,477.45001220703125,187034,,NSE
CUMMINSIND,2013-12-31,478.04998779296875,486.5,476.75,479.1499938964844,257754,,NSE
CUMMINSIND,2014-01-01,477.5,479.70001220703125,471.1000061035156,472.79998779296875,46770,,NSE
CUMMINSIND,2014-01-02,473.0,476.5,458.0,459.1499938964844,125830,,NSE
CUMMINSIND,2014-01-03,456.0,468.0,455.0,460.70001220703125,131778,,NSE
CUMMINSIND,2014-01-06,462.1000061035156,482.0,462.1000061035156,471.20001220703125,379621,,NSE
CUMMINSIND,2014-01-07,471.5,480.0,471.5,474.8999938964844,329360,,NSE
CUMMINSIND,2014-01-08,477.0,478.54998779296875,470.0,471.6000061035156,59246,,NSE
CUMMINSIND,2014-01-09,469.1000061035156,477.0,468.0,470.3500061035156,119024,,NSE
CUMMINSIND,2014-01-10,472.04998779296875,475.70001220703125,457.25,459.95001220703125,159451,,NSE
CUMMINSIND,2014-01-13,468.75,468.75,446.0,452.79998779296875,71363,,NSE
CUMMINSIND,2014-01-14,451.1000061035156,472.5,451.1000061035156,470.0,109932,,NSE
CUMMINSIND,2014-01-15,473.0,475.0,462.25,464.8500061035156,102215,,NSE
CUMMINSIND,2014-01-16,465.45001220703125,472.0,460.6000061035156,465.95001220703125,222292,,NSE
CUMMINSIND,2014-01-17,461.1499938964844,466.45001220703125,452.70001220703125,454.8500061035156,53976,,NSE
CUMMINSIND,2014-01-20,451.20001220703125,459.0,451.20001220703125,454.29998779296875,51651,,NSE
CUMMINSIND,2014-01-21,454.8999938964844,464.5,451.29998779296875,460.3500061035156,238506,,NSE
CUMMINSIND,2014-01-22,460.3500061035156,466.8999938964844,456.0,458.8999938964844,39143,,NSE
CUMMINSIND,2014-01-23,459.0,463.8500061035156,455.1499938964844,456.1499938964844,45380,,NSE
CUMMINSIND,2014-01-24,456.0,458.0,445.0,448.29998779296875,44603,,NSE
CUMMINSIND,2014-01-27,452.0,452.79998779296875,430.5,434.5,139608,,NSE
CUMMINSIND,2014-01-28,434.0,445.5,430.0,436.0,167543,,NSE
CUMMINSIND,2014-01-29,438.0,441.5,425.25,428.04998779296875,50061,,NSE
CUMMINSIND,2014-01-30,428.04998779296875,440.0,422.45001220703125,431.5,113945,,NSE
CUMMINSIND,2014-01-31,436.8999938964844,443.8999938964844,429.0,436.25,148611,,NSE
CUMMINSIND,2014-02-03,442.0,449.0,433.29998779296875,440.1499938964844,294665,,NSE
CUMMINSIND,2014-02-04,435.04998779296875,445.0,434.1499938964844,437.25,183517,,NSE
CUMMINSIND,2014-02-05,442.3999938964844,451.70001220703125,435.54998779296875,444.8500061035156,440842,,NSE
CUMMINSIND,2014-02-06,442.20001220703125,446.0,432.6499938964844,435.0,471111,,NSE
CUMMINSIND,2014-02-07,438.6000061035156,448.95001220703125,432.1499938964844,446.54998779296875,116743,,NSE
CUMMINSIND,2014-02-10,449.0,449.75,438.0,447.25,127558,,NSE
CUMMINSIND,2014-02-11,449.3500061035156,450.8999938964844,441.1000061035156,445.95001220703125,93705,,NSE
CUMMINSIND,2014-02-12,444.6000061035156,456.5,444.6000061035156,446.5,291825,,NSE
CUMMINSIND,2014-02-13,442.1000061035156,446.75,434.5,436.79998779296875,128466,,NSE
CUMMINSIND,2014-02-14,437.0,443.8999938964844,437.0,439.8500061035156,175439,,NSE
CUMMINSIND,2014-02-17,438.1499938964844,442.25,430.25,433.45001220703125,86922,,NSE
CUMMINSIND,2014-02-18,437.0,464.0,430.8999938964844,460.8500061035156,449734,,NSE
CUMMINSIND,2014-02-19,457.1000061035156,476.5,457.1000061035156,474.1499938964844,294887,,NSE
CUMMINSIND,2014-02-20,470.0,471.8500061035156,461.04998779296875,464.29998779296875,160671,,NSE
CUMMINSIND,2014-02-21,464.8999938964844,471.0,461.6000061035156,465.3999938964844,426879,,NSE
CUMMINSIND,2014-02-24,469.5,471.0,465.1000061035156,469.45001220703125,162636,,NSE
CUMMINSIND,2014-02-25,471.1499938964844,480.0,471.1000061035156,479.04998779296875,296061,,NSE
CUMMINSIND,2014-02-26,480.95001220703125,497.29998779296875,476.54998779296875,494.3999938964844,203168,,NSE
CUMMINSIND,2014-02-28,499.29998779296875,508.95001220703125,487.5,505.5,243714,,NSE
CUMMINSIND,2014-03-03,502.1000061035156,506.8500061035156,481.54998779296875,490.04998779296875,226180,,NSE
CUMMINSIND,2014-03-04,490.1000061035156,500.8999938964844,490.1000061035156,493.70001220703125,275215,,NSE
CUMMINSIND,2014-03-05,497.8999938964844,503.0,491.6499938964844,494.04998779296875,45307,,NSE
CUMMINSIND,2014-03-06,499.8500061035156,516.7000122070312,495.3500061035156,507.1499938964844,379757,,NSE
CUMMINSIND,2014-03-07,507.1000061035156,520.9500122070312,507.1000061035156,514.0999755859375,258858,,NSE
CUMMINSIND,2014-03-10,512.0,525.0,509.95001220703125,517.1500244140625,310638,,NSE
CUMMINSIND,2014-03-11,517.7999877929688,524.5,513.0499877929688,518.3499755859375,467220,,NSE
CUMMINSIND,2014-03-12,519.9500122070312,522.0,513.0499877929688,515.0999755859375,171886,,NSE
CUMMINSIND,2014-03-13,515.0999755859375,539.4000244140625,511.1000061035156,528.0999755859375,451220,,NSE
CUMMINSIND,2014-03-14,527.25,553.4000244140625,524.0999755859375,546.2999877929688,475080,,NSE
CUMMINSIND,2014-03-18,545.5,595.0,545.5,564.7000122070312,705444,,NSE
CUMMINSIND,2014-03-19,566.7999877929688,587.0,566.7999877929688,582.2999877929688,656661,,NSE
CUMMINSIND,2014-03-20,582.4000244140625,582.4000244140625,557.1500244140625,561.0,182449,,NSE
CUMMINSIND,2014-03-21,566.75,568.75,542.25,548.4500122070312,187320,,NSE
CUMMINSIND,2014-03-24,562.9500122070312,563.0,546.5,559.2999877929688,114201,,NSE
CUMMINSIND,2014-03-25,562.0,564.5999755859375,550.9000244140625,553.2000122070312,115751,,NSE
CUMMINSIND,2014-03-26,552.0,564.0,546.0,560.9500122070312,112353,,NSE
CUMMINSIND,2014-03-27,565.0,580.0,564.0999755859375,577.7000122070312,432574,,NSE
CUMMINSIND,2014-03-28,579.5,600.0,579.5,593.75,481318,,NSE
CUMMINSIND,2014-03-31,594.4500122070312,605.0,578.2999877929688,596.7999877929688,523231,,NSE
CUMMINSIND,2014-04-01,601.7000122070312,615.0,570.0999755859375,584.7000122070312,593394,,NSE
CUMMINSIND,2014-04-02,587.0,594.0,575.5999755859375,579.3499755859375,626624,,NSE
CUMMINSIND,2014-04-03,581.9500122070312,591.4000244140625,574.9000244140625,582.5499877929688,92901,,NSE
CUMMINSIND,2014-04-04,584.9000244140625,590.9000244140625,577.2000122070312,582.2999877929688,93585,,NSE
CUMMINSIND,2014-04-07,583.75,583.75,561.5999755859375,569.4000244140625,259241,,NSE
CUMMINSIND,2014-04-09,566.75,577.0,559.0999755859375,562.5,280042,,NSE
CUMMINSIND,2014-04-10,568.9000244140625,574.5999755859375,559.5,568.2999877929688,168651,,NSE
CUMMINSIND,2014-04-11,570.9000244140625,588.5,565.9500122070312,570.5,216202,,NSE
CUMMINSIND,2014-04-15,572.0,576.9000244140625,558.2000122070312,569.3499755859375,149203,,NSE
CUMMINSIND,2014-04-16,565.1500244140625,576.9500122070312,553.5,559.1500244140625,124933,,NSE
CUMMINSIND,2014-04-17,560.25,566.6500244140625,553.0,556.5999755859375,249627,,NSE
CUMMINSIND,2014-04-21,565.0,565.9000244140625,553.7999877929688,557.4500122070312,995568,,NSE
CUMMINSIND,2014-04-22,560.9500122070312,576.0,543.3499755859375,572.8499755859375,963531,,NSE
CUMMINSIND,2014-04-23,574.0,579.9000244140625,569.9000244140625,575.25,163241,,NSE
CUMMINSIND,2014-04-24,575.25,575.25,575.25,575.25,0,,NSE
CUMMINSIND,2014-04-25,574.0499877929688,576.0,556.3499755859375,558.7999877929688,59226,,NSE
CUMMINSIND,2014-04-28,554.0499877929688,560.0,552.0,553.0,103251,,NSE
CUMMINSIND,2014-04-29,557.8499755859375,560.0,550.0,550.1500244140625,89476,,NSE
CUMMINSIND,2014-04-30,550.0,555.0,543.3499755859375,548.0499877929688,612708,,NSE
CUMMINSIND,2014-05-02,545.2000122070312,548.9000244140625,519.9500122070312,524.4500122070312,175535,,NSE
CUMMINSIND,2014-05-05,520.1500244140625,540.0,520.1500244140625,536.5,99385,,NSE
CUMMINSIND,2014-05-06,536.5,537.8499755859375,525.0,527.5,584135,,NSE
CUMMINSIND,2014-05-07,525.0499877929688,539.0,524.0,525.1500244140625,101914,,NSE
CUMMINSIND,2014-05-08,523.2000122070312,535.4000244140625,510.0,531.2999877929688,104805,,NSE
CUMMINSIND,2014-05-09,528.0,549.0,528.0,540.3499755859375,277997,,NSE
CUMMINSIND,2014-05-12,544.9500122070312,557.0,536.9000244140625,545.4500122070312,157150,,NSE
CUMMINSIND,2014-05-13,547.0,561.0999755859375,545.25,550.7999877929688,201506,,NSE
CUMMINSIND,2014-05-14,550.0,558.0,538.1500244140625,544.9500122070312,331797,,NSE
CUMMINSIND,2014-05-15,545.0999755859375,551.0,525.25,541.2000122070312,410042,,NSE
CUMMINSIND,2014-05-16,546.0,569.5,542.1500244140625,565.5,437535,,NSE
CUMMINSIND,2014-05-19,567.0,599.7999877929688,567.0,594.2999877929688,441056,,NSE
CUMMINSIND,2014-05-20,598.9000244140625,605.0,580.0,583.8499755859375,228183,,NSE
CUMMINSIND,2014-05-21,585.0,599.0,570.0999755859375,578.5,257990,,NSE
CUMMINSIND,2014-05-22,579.0,621.0,571.0,600.2000122070312,431447,,NSE
CUMMINSIND,2014-05-23,604.0,633.4500122070312,600.5999755859375,628.5999755859375,701402,,NSE
CUMMINSIND,2014-05-26,634.0499877929688,674.7999877929688,634.0499877929688,648.5499877929688,538942,,NSE
CUMMINSIND,2014-05-27,648.5499877929688,648.7000122070312,623.0,637.4500122070312,460379,,NSE
CUMMINSIND,2014-05-28,636.0,655.0,617.75,650.7000122070312,319815,,NSE
CUMMINSIND,2014-05-29,643.0,661.75,643.0,650.5499877929688,247091,,NSE
CUMMINSIND,2014-05-30,660.0,662.0,630.25,635.9500122070312,134151,,NSE
CUMMINSIND,2014-06-02,635.9500122070312,658.0,635.0,655.0999755859375,336556,,NSE
CUMMINSIND,2014-06-03,660.0,660.0,648.5499877929688,652.3499755859375,108252,,NSE
CUMMINSIND,2014-06-04,654.0,657.8499755859375,645.0999755859375,652.9500122070312,82904,,NSE
CUMMINSIND,2014-06-05,660.0,660.0,641.0,645.0499877929688,139834,,NSE
CUMMINSIND,2014-06-06,649.7999877929688,661.0,642.0999755859375,657.4500122070312,127468,,NSE
CUMMINSIND,2014-06-09,664.0,679.0999755859375,647.9500122070312,668.9500122070312,406715,,NSE
CUMMINSIND,2014-06-10,678.5499877929688,678.5499877929688,660.0,668.9000244140625,248185,,NSE
CUMMINSIND,2014-06-11,674.2999877929688,674.2999877929688,647.0,648.8499755859375,207654,,NSE
CUMMINSIND,2014-06-12,663.7000122070312,663.7000122070312,635.3499755859375,644.1500244140625,233955,,NSE
CUMMINSIND,2014-06-13,649.9500122070312,663.9000244140625,642.2999877929688,657.8499755859375,400896,,NSE
CUMMINSIND,2014-06-16,659.0,661.8499755859375,627.5999755859375,645.0,202040,,NSE
CUMMINSIND,2014-06-17,657.4500122070312,670.0,644.2999877929688,662.3499755859375,310647,,NSE
CUMMINSIND,2014-06-18,660.0,663.3499755859375,647.7999877929688,656.3499755859375,389973,,NSE
CUMMINSIND,2014-06-19,659.5499877929688,662.75,639.0,647.3499755859375,543172,,NSE
CUMMINSIND,2014-06-20,650.0,655.0,641.0,645.7000122070312,193472,,NSE
CUMMINSIND,2014-06-23,646.0,650.9000244140625,640.0499877929688,645.0999755859375,67302,,NSE
CUMMINSIND,2014-06-24,640.5499877929688,652.5,640.5499877929688,648.9000244140625,109969,,NSE
CUMMINSIND,2014-06-25,645.0,651.9500122070312,641.0,643.2000122070312,85450,,NSE
CUMMINSIND,2014-06-26,640.0999755859375,648.9000244140625,635.0,636.75,104906,,NSE
CUMMINSIND,2014-06-27,636.75,650.0,627.5,639.2999877929688,170928,,NSE
CUMMINSIND,2014-06-30,639.0,650.9000244140625,635.0,647.5999755859375,364643,,NSE
CUMMINSIND,2014-07-01,648.2999877929688,667.4500122070312,646.5,664.9000244140625,332644,,NSE
CUMMINSIND,2014-07-02,672.0,674.0,655.9000244140625,665.75,213529,,NSE
CUMMINSIND,2014-07-03,668.5999755859375,696.5,665.75,687.4500122070312,300957,,NSE
CUMMINSIND,2014-07-04,695.0,705.0,670.0,672.9000244140625,200142,,NSE
CUMMINSIND,2014-07-07,678.0,684.5,658.8499755859375,665.7999877929688,224599,,NSE
CUMMINSIND,2014-07-08,672.9500122070312,672.9500122070312,636.7999877929688,650.25,273769,,NSE
CUMMINSIND,2014-07-09,663.0,663.0,637.0,641.2000122070312,113995,,NSE
CUMMINSIND,2014-07-10,636.7000122070312,652.0,618.0,647.9000244140625,323117,,NSE
CUMMINSIND,2014-07-11,644.25,650.0,630.0,633.7999877929688,121814,,NSE
CUMMINSIND,2014-07-14,639.9500122070312,643.5,621.0,639.4000244140625,120384,,NSE
CUMMINSIND,2014-07-15,640.0,654.7999877929688,636.0,648.9000244140625,147114,,NSE
CUMMINSIND,2014-07-16,644.0,660.0,644.0,651.2000122070312,105423,,NSE
CUMMINSIND,2014-07-17,648.5499877929688,669.5999755859375,648.5499877929688,667.1500244140625,83122,,NSE
CUMMINSIND,2014-07-18,667.0,679.0,656.5999755859375,665.2999877929688,218780,,NSE
CUMMINSIND,2014-07-21,664.0,679.9500122070312,658.0,661.2000122070312,132543,,NSE
CUMMINSIND,2014-07-22,655.9500122070312,674.0,650.3499755859375,656.4000244140625,246062,,NSE
CUMMINSIND,2014-07-23,656.0,664.9000244140625,642.0999755859375,647.0,103850,,NSE
CUMMINSIND,2014-07-24,643.0,645.5999755859375,635.0499877929688,640.0499877929688,177569,,NSE
CUMMINSIND,2014-07-25,639.5,654.0,630.25,640.7000122070312,119165,,NSE
CUMMINSIND,2014-07-28,640.1500244140625,644.0999755859375,630.0,634.5999755859375,100117,,NSE
CUMMINSIND,2014-07-30,630.0,638.9000244140625,622.0,626.0999755859375,204278,,NSE
CUMMINSIND,2014-07-31,620.0,634.0,619.7999877929688,626.6500244140625,226203,,NSE
CUMMINSIND,2014-08-01,622.5999755859375,629.7999877929688,596.5,605.8499755859375,751269,,NSE
CUMMINSIND,2014-08-04,606.9500122070312,635.0,580.6500244140625,626.6500244140625,910240,,NSE
CUMMINSIND,2014-08-05,634.9000244140625,689.8499755859375,634.9000244140625,670.75,1351858,,NSE
CUMMINSIND,2014-08-06,669.75,681.9000244140625,660.7999877929688,677.25,476728,,NSE
CUMMINSIND,2014-08-07,675.0,688.9000244140625,666.0,683.8499755859375,207467,,NSE
CUMMINSIND,2014-08-08,670.0,670.0,642.6500244140625,661.1500244140625,492696,,NSE
CUMMINSIND,2014-08-11,662.0,675.0,662.0,669.0499877929688,75572,,NSE
CUMMINSIND,2014-08-12,670.0,680.5,670.0,679.5999755859375,372211,,NSE
CUMMINSIND,2014-08-13,675.5999755859375,681.0999755859375,661.0499877929688,667.3499755859375,88486,,NSE
CUMMINSIND,2014-08-14,665.0999755859375,675.0,658.0,668.0,128911,,NSE
CUMMINSIND,2014-08-18,668.0,687.0,668.0,683.8499755859375,410979,,NSE
CUMMINSIND,2014-08-19,684.2999877929688,693.9000244140625,678.0499877929688,684.7000122070312,531300,,NSE
CUMMINSIND,2014-08-20,684.7000122070312,697.0,681.0,686.9500122070312,224723,,NSE
CUMMINSIND,2014-08-21,683.0,689.9000244140625,671.0999755859375,685.5,124768,,NSE
CUMMINSIND,2014-08-22,684.0,688.2999877929688,663.3499755859375,677.6500244140625,117167,,NSE
CUMMINSIND,2014-08-25,674.0999755859375,694.0,674.0999755859375,690.0999755859375,193988,,NSE
CUMMINSIND,2014-08-26,686.1500244140625,709.2999877929688,686.0,698.9500122070312,265717,,NSE
CUMMINSIND,2014-08-27,700.0,707.0999755859375,685.6500244140625,691.4000244140625,386179,,NSE
CUMMINSIND,2014-08-28,688.0999755859375,696.5999755859375,685.7999877929688,690.7999877929688,401102,,NSE
CUMMINSIND,2014-09-01,691.0,698.9500122070312,679.0,688.0999755859375,174159,,NSE
CUMMINSIND,2014-09-02,689.0,707.0,689.0,696.8499755859375,908367,,NSE
CUMMINSIND,2014-09-03,707.0,707.0,691.0499877929688,694.3499755859375,399786,,NSE
CUMMINSIND,2014-09-04,694.0,720.0,694.0,700.7000122070312,412725,,NSE
CUMMINSIND,2014-09-05,703.4500122070312,708.8499755859375,699.0,701.3499755859375,91810,,NSE
CUMMINSIND,2014-09-08,705.4500122070312,716.2999877929688,703.1500244140625,704.6500244140625,124752,,NSE
CUMMINSIND,2014-09-09,705.0,713.75,701.0,704.6500244140625,100190,,NSE
CUMMINSIND,2014-09-10,700.0,704.5,685.0,689.9000244140625,277129,,NSE
CUMMINSIND,2014-09-11,687.2000122070312,699.0499877929688,687.2000122070312,691.6500244140625,65888,,NSE
CUMMINSIND,2014-09-12,689.0,707.9000244140625,689.0,692.4000244140625,148368,,NSE
CUMMINSIND,2014-09-15,690.0,704.0999755859375,688.0,695.8499755859375,165920,,NSE
CUMMINSIND,2014-09-16,695.0999755859375,698.8499755859375,683.3499755859375,687.4000244140625,293190,,NSE
CUMMINSIND,2014-09-17,687.1500244140625,693.2000122070312,679.0,687.7999877929688,158124,,NSE
CUMMINSIND,2014-09-18,682.25,699.0,682.25,692.9500122070312,192216,,NSE
CUMMINSIND,2014-09-19,696.0999755859375,700.0,677.5,685.3499755859375,178293,,NSE
CUMMINSIND,2014-09-22,682.1500244140625,702.5499877929688,680.0,682.5999755859375,124656,,NSE
CUMMINSIND,2014-09-23,680.5,683.25,652.7000122070312,668.4500122070312,216658,,NSE
CUMMINSIND,2014-09-24,666.1500244140625,681.0,654.0999755859375,679.5499877929688,190993,,NSE
CUMMINSIND,2014-09-25,682.2000122070312,685.9000244140625,673.2000122070312,677.6500244140625,190615,,NSE
CUMMINSIND,2014-09-26,671.0999755859375,682.0,665.5499877929688,680.0999755859375,61341,,NSE
CUMMINSIND,2014-09-29,680.3499755859375,682.7000122070312,665.0,672.0999755859375,53875,,NSE
CUMMINSIND,2014-09-30,665.4000244140625,675.0,661.25,671.0499877929688,193617,,NSE
CUMMINSIND,2014-10-01,666.1500244140625,678.5999755859375,666.1500244140625,674.0499877929688,29585,,NSE
CUMMINSIND,2014-10-07,668.0,673.7000122070312,645.25,655.0,280891,,NSE
CUMMINSIND,2014-10-08,650.25,659.6500244140625,648.0499877929688,652.5999755859375,291575,,NSE
CUMMINSIND,2014-10-09,652.0499877929688,686.9500122070312,652.0499877929688,683.5499877929688,152773,,NSE
CUMMINSIND,2014-10-10,677.0,678.9500122070312,666.7999877929688,674.0,60902,,NSE
CUMMINSIND,2014-10-13,668.1500244140625,690.2999877929688,665.0499877929688,687.2000122070312,79700,,NSE
CUMMINSIND,2014-10-14,685.0499877929688,691.6500244140625,666.0,676.0499877929688,241887,,NSE
CUMMINSIND,2014-10-15,676.0499877929688,676.0499877929688,676.0499877929688,676.0499877929688,0,,NSE
CUMMINSIND,2014-10-16,670.0499877929688,695.0499877929688,666.1500244140625,683.4500122070312,100739,,NSE
CUMMINSIND,2014-10-17,686.0,702.25,675.0,693.3499755859375,142521,,NSE
CUMMINSIND,2014-10-20,700.0,700.5,686.2999877929688,690.7000122070312,146122,,NSE
CUMMINSIND,2014-10-21,688.0,699.0,687.0499877929688,689.7999877929688,170729,,NSE
CUMMINSIND,2014-10-22,689.7999877929688,711.9000244140625,689.7999877929688,707.9500122070312,177300,,NSE
CUMMINSIND,2014-10-27,704.5999755859375,716.7000122070312,675.4500122070312,711.75,180926,,NSE
CUMMINSIND,2014-10-28,711.0,722.0,698.0,716.5999755859375,121761,,NSE
CUMMINSIND,2014-10-29,717.4500122070312,731.0,712.4500122070312,725.4500122070312,138818,,NSE
CUMMINSIND,2014-10-30,731.0,735.5499877929688,710.0999755859375,720.0499877929688,97570,,NSE
CUMMINSIND,2014-10-31,722.0,737.0,717.0499877929688,731.2999877929688,115291,,NSE
CUMMINSIND,2014-11-03,731.2999877929688,740.9000244140625,721.3499755859375,730.3499755859375,125214,,NSE
CUMMINSIND,2014-11-05,734.4000244140625,758.9000244140625,730.2000122070312,738.0499877929688,218633,,NSE
CUMMINSIND,2014-11-07,777.0,848.7999877929688,752.3499755859375,798.2000122070312,1118419,,NSE
CUMMINSIND,2014-11-10,799.0,830.0,777.4000244140625,823.0,355140,,NSE
CUMMINSIND,2014-11-11,826.8499755859375,830.0,805.0,816.8499755859375,314089,,NSE
CUMMINSIND,2014-11-12,820.0,838.9000244140625,817.0999755859375,829.5,226369,,NSE
CUMMINSIND,2014-11-13,830.0,841.2999877929688,812.0999755859375,821.2999877929688,748464,,NSE
CUMMINSIND,2014-11-14,821.0,856.0,814.0,849.0,202969,,NSE
CUMMINSIND,2014-11-17,854.9500122070312,855.0,843.3499755859375,854.6500244140625,141054,,NSE
CUMMINSIND,2014-11-18,853.0499877929688,890.0,853.0499877929688,884.25,210812,,NSE
CUMMINSIND,2014-11-19,888.0,955.5999755859375,888.0,918.5999755859375,397024,,NSE
CUMMINSIND,2014-11-20,919.2999877929688,919.2999877929688,876.0999755859375,895.75,196739,,NSE
CUMMINSIND,2014-11-21,902.0,909.0,888.0,897.5,63114,,NSE
CUMMINSIND,2014-11-24,903.0,903.0,870.0,871.4000244140625,366961,,NSE
CUMMINSIND,2014-11-25,870.0,888.9500122070312,851.0,863.7000122070312,89894,,NSE
CUMMINSIND,2014-11-26,864.9500122070312,876.75,860.5,868.5999755859375,132862,,NSE
CUMMINSIND,2014-11-27,869.0999755859375,870.0,838.0,855.5999755859375,220684,,NSE
CUMMINSIND,2014-11-28,856.5999755859375,868.7999877929688,856.5999755859375,861.8499755859375,328047,,NSE
CUMMINSIND,2014-12-01,862.8499755859375,888.4000244140625,862.8499755859375,879.5,109952,,NSE
CUMMINSIND,2014-12-02,884.8499755859375,897.8499755859375,860.0499877929688,867.6500244140625,159062,,NSE
CUMMINSIND,2014-12-03,871.8499755859375,897.5,868.1500244140625,893.7000122070312,222198,,NSE
CUMMINSIND,2014-12-04,893.0,933.7999877929688,893.0,916.1500244140625,434524,,NSE
CUMMINSIND,2014-12-05,919.4000244140625,921.8499755859375,884.0,896.9000244140625,130613,,NSE
CUMMINSIND,2014-12-08,902.4000244140625,920.0,893.5999755859375,913.6500244140625,84061,,NSE
CUMMINSIND,2014-12-09,910.0,915.0999755859375,896.0,913.5,101229,,NSE
CUMMINSIND,2014-12-10,913.0,915.9500122070312,892.0,897.0999755859375,154763,,NSE
CUMMINSIND,2014-12-11,899.0,902.0,881.0,892.7999877929688,40432,,NSE
CUMMINSIND,2014-12-12,890.0,916.0,870.0,874.4500122070312,52157,,NSE
CUMMINSIND,2014-12-15,870.0999755859375,899.0,865.8499755859375,880.0,64378,,NSE
CUMMINSIND,2014-12-16,878.7999877929688,881.0,844.8499755859375,856.9000244140625,127527,,NSE
CUMMINSIND,2014-12-17,859.0999755859375,875.8499755859375,810.0,864.9000244140625,99496,,NSE
CUMMINSIND,2014-12-18,871.0499877929688,890.9000244140625,857.0,881.25,173794,,NSE
CUMMINSIND,2014-12-19,881.25,895.9000244140625,848.7000122070312,861.5499877929688,92548,,NSE
CUMMINSIND,2014-12-22,861.5499877929688,875.7999877929688,848.5499877929688,854.9500122070312,208084,,NSE
CUMMINSIND,2014-12-23,863.0,871.0,840.0,851.4500122070312,98266,,NSE
CUMMINSIND,2014-12-24,850.0,878.0,841.0499877929688,860.9500122070312,166052,,NSE
CUMMINSIND,2014-12-26,860.1500244140625,887.5999755859375,860.1500244140625,869.3499755859375,150799,,NSE
CUMMINSIND,2014-12-29,866.0,883.0,864.4500122070312,871.8499755859375,203606,,NSE
CUMMINSIND,2014-12-30,867.0,884.7000122070312,863.0999755859375,870.5999755859375,172839,,NSE
CUMMINSIND,2014-12-31,866.2000122070312,875.7999877929688,866.2000122070312,874.2000122070312,143529,,NSE
CUMMINSIND,2015-01-01,868.0,881.0,865.0,871.7000122070312,27945,,NSE
CUMMINSIND,2015-01-02,876.7999877929688,934.0,874.8499755859375,919.25,305699,,NSE
CUMMINSIND,2015-01-05,935.0,960.6500244140625,935.0,937.9000244140625,226708,,NSE
CUMMINSIND,2015-01-06,935.0,935.0,902.5,909.2999877929688,91777,,NSE
CUMMINSIND,2015-01-07,910.2999877929688,919.0,886.0,900.0499877929688,73140,,NSE
CUMMINSIND,2015-01-08,905.0,918.8499755859375,887.0499877929688,893.2000122070312,94791,,NSE
CUMMINSIND,2015-01-09,893.0,903.0,875.0,876.9500122070312,129845,,NSE
CUMMINSIND,2015-01-12,880.0,898.0,868.0,870.6500244140625,172364,,NSE
CUMMINSIND,2015-01-13,870.7999877929688,892.6500244140625,870.7999877929688,878.3499755859375,222029,,NSE
CUMMINSIND,2015-01-14,877.5,894.75,875.2000122070312,879.0999755859375,74009,,NSE
CUMMINSIND,2015-01-15,882.0,894.9000244140625,882.0,887.7999877929688,143693,,NSE
CUMMINSIND,2015-01-16,888.7999877929688,911.0499877929688,882.6500244140625,888.3499755859375,291702,,NSE
CUMMINSIND,2015-01-19,890.0,912.0,890.0,893.0,172216,,NSE
CUMMINSIND,2015-01-20,893.0,902.5999755859375,881.5,885.0499877929688,238241,,NSE
CUMMINSIND,2015-01-21,882.1500244140625,897.2000122070312,882.1500244140625,892.4000244140625,78036,,NSE
CUMMINSIND,2015-01-22,889.0499877929688,904.0,882.0499877929688,884.5499877929688,142801,,NSE
CUMMINSIND,2015-01-23,888.0,897.5,880.0,883.0,147616,,NSE
CUMMINSIND,2015-01-27,883.5,912.0,882.1500244140625,897.0999755859375,391592,,NSE
CUMMINSIND,2015-01-28,900.0,910.0,893.0,907.4500122070312,283836,,NSE
CUMMINSIND,2015-01-29,914.7000122070312,914.7000122070312,890.0,892.0,131943,,NSE
CUMMINSIND,2015-01-30,895.0,909.5,890.0,891.7000122070312,177825,,NSE
CUMMINSIND,2015-02-02,894.4000244140625,895.0,880.5,881.5,241537,,NSE
CUMMINSIND,2015-02-03,887.0,919.75,871.6500244140625,903.2999877929688,477429,,NSE
CUMMINSIND,2015-02-04,903.3499755859375,924.0,902.75,914.2000122070312,229686,,NSE
CUMMINSIND,2015-02-05,916.0,917.0,898.0,902.75,108030,,NSE
CUMMINSIND,2015-02-06,901.0499877929688,915.0499877929688,895.0,899.5999755859375,176826,,NSE
CUMMINSIND,2015-02-09,898.9500122070312,898.9500122070312,890.0,890.2999877929688,159231,,NSE
CUMMINSIND,2015-02-10,898.7000122070312,909.8499755859375,885.0999755859375,897.5,118791,,NSE
CUMMINSIND,2015-02-11,900.9500122070312,906.2000122070312,891.0,899.3499755859375,72165,,NSE
CUMMINSIND,2015-02-12,902.6500244140625,910.0,894.0999755859375,902.3499755859375,314903,,NSE
CUMMINSIND,2015-02-13,906.0,918.5,901.0,909.75,1023122,,NSE
CUMMINSIND,2015-02-16,907.0,909.0,895.0,899.1500244140625,120685,,NSE
CUMMINSIND,2015-02-18,902.0,915.0499877929688,898.0499877929688,908.2999877929688,81049,,NSE
CUMMINSIND,2015-02-19,906.0,915.0,898.0,909.0,269943,,NSE
CUMMINSIND,2015-02-20,911.9500122070312,919.0,904.0,907.0499877929688,65836,,NSE
CUMMINSIND,2015-02-23,907.1500244140625,913.9000244140625,895.25,899.0499877929688,204763,,NSE
CUMMINSIND,2015-02-24,902.0,910.0,894.9000244140625,899.9500122070312,629178,,NSE
CUMMINSIND,2015-02-25,901.2000122070312,907.0,892.0,895.2000122070312,186423,,NSE
CUMMINSIND,2015-02-26,898.0,898.0,874.4000244140625,876.2000122070312,303578,,NSE
CUMMINSIND,2015-02-27,879.0,894.8499755859375,873.2999877929688,889.7000122070312,328940,,NSE
CUMMINSIND,2015-03-02,893.0,922.0,892.0,913.75,414567,,NSE
CUMMINSIND,2015-03-03,915.0,927.0,908.4000244140625,914.2000122070312,422640,,NSE
CUMMINSIND,2015-03-04,912.0999755859375,924.4500122070312,912.0,919.75,242531,,NSE
CUMMINSIND,2015-03-05,920.0,920.9500122070312,902.6500244140625,907.0999755859375,107544,,NSE
CUMMINSIND,2015-03-09,910.0,911.8499755859375,895.0,897.3499755859375,211259,,NSE
CUMMINSIND,2015-03-10,901.0,907.5,895.25,897.2000122070312,242918,,NSE
CUMMINSIND,2015-03-11,899.0,902.2999877929688,878.0,883.7999877929688,66561,,NSE
CUMMINSIND,2015-03-12,884.9500122070312,915.0,884.8499755859375,908.4000244140625,267467,,NSE
CUMMINSIND,2015-03-13,911.0,913.5,875.0,881.25,647290,,NSE
CUMMINSIND,2015-03-16,883.7999877929688,900.0,874.2999877929688,880.1500244140625,98314,,NSE
CUMMINSIND,2015-03-17,885.0,889.0,871.0,879.7999877929688,129284,,NSE
CUMMINSIND,2015-03-18,880.0,885.0,860.5499877929688,863.9500122070312,142567,,NSE
CUMMINSIND,2015-03-19,869.0,883.25,869.0,871.7999877929688,587870,,NSE
CUMMINSIND,2015-03-20,872.0,880.0,865.0,875.0499877929688,145229,,NSE
CUMMINSIND,2015-03-23,879.0,879.0,866.25,869.6500244140625,661847,,NSE
CUMMINSIND,2015-03-24,871.0,878.4000244140625,841.5,856.8499755859375,167682,,NSE
CUMMINSIND,2015-03-25,865.1500244140625,870.0,852.0,865.5999755859375,100476,,NSE
CUMMINSIND,2015-03-26,863.7000122070312,870.0499877929688,829.1500244140625,834.0,1192257,,NSE
CUMMINSIND,2015-03-27,847.0,868.75,838.0999755859375,857.4500122070312,111618,,NSE
CUMMINSIND,2015-03-30,855.0,872.5,850.0,860.3499755859375,260353,,NSE
CUMMINSIND,2015-03-31,868.0,888.0,857.1500244140625,880.6500244140625,127601,,NSE
CUMMINSIND,2015-04-01,879.0,900.9500122070312,874.75,889.9000244140625,358652,,NSE
CUMMINSIND,2015-04-06,899.0,899.0,867.7999877929688,871.4500122070312,78633,,NSE
CUMMINSIND,2015-04-07,877.0,878.0,864.0,871.9500122070312,225536,,NSE
CUMMINSIND,2015-04-08,879.7999877929688,898.0,873.6500244140625,887.8499755859375,237076,,NSE
CUMMINSIND,2015-04-09,894.0,894.0,870.0999755859375,873.0,156979,,NSE
CUMMINSIND,2015-04-10,881.9500122070312,888.0,870.0,879.7000122070312,178435,,NSE
CUMMINSIND,2015-04-13,885.0,887.25,873.5,876.8499755859375,219328,,NSE
CUMMINSIND,2015-04-15,876.0,881.9000244140625,870.0,874.4500122070312,82928,,NSE
CUMMINSIND,2015-04-16,878.0,878.0,865.5,869.8499755859375,828157,,NSE
CUMMINSIND,2015-04-17,870.0,872.4000244140625,865.0,867.7999877929688,104264,,NSE
CUMMINSIND,2015-04-20,869.0,869.0,845.0,850.25,68030,,NSE
CUMMINSIND,2015-04-21,855.0,864.2000122070312,833.0,853.9500122070312,98850,,NSE
CUMMINSIND,2015-04-22,857.9500122070312,867.0,841.0,863.8499755859375,401569,,NSE
CUMMINSIND,2015-04-23,866.5,882.0,863.5999755859375,875.0499877929688,577051,,NSE
CUMMINSIND,2015-04-24,879.0,879.0,845.2000122070312,853.8499755859375,190814,,NSE
CUMMINSIND,2015-04-27,855.0,869.0,840.0999755859375,865.9000244140625,44692,,NSE
CUMMINSIND,2015-04-28,865.9000244140625,872.2999877929688,856.0,865.7000122070312,47611,,NSE
CUMMINSIND,2015-04-29,861.0,869.7000122070312,850.6500244140625,860.4000244140625,153047,,NSE
CUMMINSIND,2015-04-30,856.0,874.5999755859375,843.5,862.0999755859375,119618,,NSE
CUMMINSIND,2015-05-04,866.0,869.2000122070312,850.1500244140625,856.5999755859375,89730,,NSE
CUMMINSIND,2015-05-05,856.5999755859375,865.0999755859375,855.1500244140625,861.4000244140625,71688,,NSE
CUMMINSIND,2015-05-06,860.5,866.0,843.3499755859375,846.4500122070312,65463,,NSE
CUMMINSIND,2015-05-07,842.0,855.4000244140625,837.0,846.6500244140625,87318,,NSE
CUMMINSIND,2015-05-08,850.0,868.0999755859375,846.0,858.3499755859375,31634,,NSE
CUMMINSIND,2015-05-11,858.0999755859375,866.7000122070312,852.75,857.7999877929688,31666,,NSE
CUMMINSIND,2015-05-12,861.7999877929688,866.0,844.0499877929688,850.0,297527,,NSE
CUMMINSIND,2015-05-13,850.4000244140625,856.9000244140625,847.0,848.8499755859375,24958,,NSE
CUMMINSIND,2015-05-14,849.0999755859375,873.9000244140625,838.1500244140625,865.25,118068,,NSE
CUMMINSIND,2015-05-15,865.25,865.25,847.0,854.2999877929688,52990,,NSE
CUMMINSIND,2015-05-18,859.0,871.0999755859375,854.0,863.9000244140625,56289,,NSE
CUMMINSIND,2015-05-19,861.9500122070312,865.9000244140625,860.0499877929688,863.25,66266,,NSE
CUMMINSIND,2015-05-20,862.1500244140625,864.9000244140625,855.0,861.1500244140625,601584,,NSE
CUMMINSIND,2015-05-21,865.0,865.0,851.0,860.2000122070312,507318,,NSE
CUMMINSIND,2015-05-22,865.0,865.0,851.5999755859375,855.5499877929688,48798,,NSE
CUMMINSIND,2015-05-25,855.0,856.7999877929688,844.0,845.9500122070312,42354,,NSE
CUMMINSIND,2015-05-26,846.2999877929688,850.0499877929688,836.3499755859375,839.6500244140625,653453,,NSE
CUMMINSIND,2015-05-27,844.9500122070312,854.0,837.1500244140625,848.8499755859375,384422,,NSE
CUMMINSIND,2015-05-28,849.7000122070312,854.9000244140625,835.0,850.25,191165,,NSE
CUMMINSIND,2015-05-29,853.0,935.0,853.0,918.3499755859375,571193,,NSE
CUMMINSIND,2015-06-01,908.7999877929688,932.2000122070312,893.0,917.5999755859375,206170,,NSE
CUMMINSIND,2015-06-02,917.0,917.0,883.3499755859375,898.5,260628,,NSE
CUMMINSIND,2015-06-03,898.5,900.0,873.0,895.5499877929688,112443,,NSE
CUMMINSIND,2015-06-04,905.0,920.0,892.0499877929688,901.0999755859375,153406,,NSE
CUMMINSIND,2015-06-05,903.0,909.25,885.0,892.4000244140625,102595,,NSE
CUMMINSIND,2015-06-08,896.7999877929688,919.2000122070312,887.0499877929688,913.5999755859375,130233,,NSE
CUMMINSIND,2015-06-09,913.0,913.0,895.0,901.75,121791,,NSE
CUMMINSIND,2015-06-10,906.0,912.6500244140625,893.0,899.3499755859375,118520,,NSE
CUMMINSIND,2015-06-11,902.0999755859375,911.0,882.25,886.0999755859375,60298,,NSE
CUMMINSIND,2015-06-12,816.9000244140625,908.4000244140625,816.9000244140625,895.0,262492,,NSE
CUMMINSIND,2015-06-15,895.0,895.9000244140625,877.0,882.75,38277,,NSE
CUMMINSIND,2015-06-16,877.0499877929688,888.0,866.0,876.4000244140625,45489,,NSE
CUMMINSIND,2015-06-17,885.0,902.0,871.0,892.2999877929688,117970,,NSE
CUMMINSIND,2015-06-18,895.0,910.0,888.0499877929688,904.8499755859375,103955,,NSE
CUMMINSIND,2015-06-19,909.75,915.4000244140625,891.1500244140625,895.9500122070312,106315,,NSE
CUMMINSIND,2015-06-22,902.0,902.0,889.3499755859375,896.0499877929688,243685,,NSE
CUMMINSIND,2015-06-23,903.0,908.0,890.0499877929688,895.9500122070312,248899,,NSE
CUMMINSIND,2015-06-24,899.9500122070312,905.0,891.0999755859375,899.5499877929688,541894,,NSE
CUMMINSIND,2015-06-25,902.0,902.0,891.0,900.25,294884,,NSE
CUMMINSIND,2015-06-26,900.0,910.0,894.0999755859375,905.2999877929688,249336,,NSE
CUMMINSIND,2015-06-29,903.9000244140625,904.0,886.0,900.0499877929688,103948,,NSE
CUMMINSIND,2015-06-30,905.0,907.0,886.0,896.5499877929688,367715,,NSE
CUMMINSIND,2015-07-01,895.0,945.0,891.0,929.4000244140625,402351,,NSE
CUMMINSIND,2015-07-02,930.0,942.7999877929688,916.25,920.7999877929688,191933,,NSE
CUMMINSIND,2015-07-03,925.0,939.0,921.75,925.0999755859375,73181,,NSE
CUMMINSIND,2015-07-06,919.0,930.25,895.0,928.2000122070312,63290,,NSE
CUMMINSIND,2015-07-07,934.9000244140625,974.4000244140625,933.2000122070312,967.5,313249,,NSE
CUMMINSIND,2015-07-08,964.0,984.4000244140625,954.9000244140625,972.0499877929688,180955,,NSE
CUMMINSIND,2015-07-09,973.0499877929688,988.7000122070312,941.0,947.25,89553,,NSE
CUMMINSIND,2015-07-10,950.0,968.0,946.0,949.75,70302,,NSE
CUMMINSIND,2015-07-13,952.5499877929688,972.5499877929688,948.0,964.8499755859375,130925,,NSE
CUMMINSIND,2015-07-14,957.2000122070312,969.0,955.0499877929688,962.7000122070312,82622,,NSE
CUMMINSIND,2015-07-15,964.9500122070312,984.0499877929688,958.0999755859375,981.2000122070312,139316,,NSE
CUMMINSIND,2015-07-16,983.0,998.2999877929688,977.2000122070312,983.0999755859375,144106,,NSE
CUMMINSIND,2015-07-17,982.7999877929688,983.0,961.0999755859375,968.75,137139,,NSE
CUMMINSIND,2015-07-20,969.0,992.0,969.0,985.6500244140625,128979,,NSE
CUMMINSIND,2015-07-21,992.0,992.0,967.2000122070312,985.8499755859375,255322,,NSE
CUMMINSIND,2015-07-22,985.0,1005.0,980.5,988.9500122070312,124151,,NSE
CUMMINSIND,2015-07-23,1000.0,1002.0,984.0999755859375,987.4500122070312,68414,,NSE
CUMMINSIND,2015-07-24,990.0,1013.4500122070312,980.0,993.6500244140625,136382,,NSE
CUMMINSIND,2015-07-27,980.0,997.0,971.0,975.0999755859375,62465,,NSE
CUMMINSIND,2015-07-28,983.0,983.0,950.8499755859375,954.8499755859375,181808,,NSE
CUMMINSIND,2015-07-29,955.2999877929688,1013.5,955.2999877929688,1005.7999877929688,214995,,NSE
CUMMINSIND,2015-07-30,1004.0,1013.0,988.5499877929688,998.75,262564,,NSE
CUMMINSIND,2015-07-31,1000.0,1007.0,985.0,998.1500244140625,263768,,NSE
CUMMINSIND,2015-08-03,999.0,1020.0499877929688,988.4000244140625,1015.3499755859375,267810,,NSE
CUMMINSIND,2015-08-04,1020.0,1025.0,1011.4500122070312,1019.7000122070312,194625,,NSE
CUMMINSIND,2015-08-05,1025.0,1046.300048828125,1020.0,1024.699951171875,117479,,NSE
CUMMINSIND,2015-08-06,1034.0,1198.800048828125,1017.0,1155.5,1673427,,NSE
CUMMINSIND,2015-08-07,1190.0,1247.6500244140625,1154.0,1187.300048828125,1239478,,NSE
CUMMINSIND,2015-08-10,1185.0,1219.0,1146.6500244140625,1187.300048828125,429100,,NSE
CUMMINSIND,2015-08-11,1196.050048828125,1199.300048828125,1146.0999755859375,1157.0,189789,,NSE
CUMMINSIND,2015-08-12,1149.800048828125,1200.0,1119.9000244140625,1128.4000244140625,229181,,NSE
CUMMINSIND,2015-08-13,1139.0,1175.3499755859375,1110.0,1151.6500244140625,204764,,NSE
CUMMINSIND,2015-08-14,1159.949951171875,1198.9000244140625,1158.0,1191.800048828125,214123,,NSE
CUMMINSIND,2015-08-17,1207.800048828125,1207.800048828125,1152.25,1166.800048828125,145126,,NSE
CUMMINSIND,2015-08-18,1179.949951171875,1182.6500244140625,1153.0,1161.9000244140625,175568,,NSE
CUMMINSIND,2015-08-19,1158.5,1190.0,1143.25,1180.0999755859375,357099,,NSE
CUMMINSIND,2015-08-20,1180.0999755859375,1180.0999755859375,1137.0,1143.9000244140625,479695,,NSE
CUMMINSIND,2015-08-21,1149.0,1164.800048828125,1103.25,1141.9000244140625,201911,,NSE
CUMMINSIND,2015-08-24,1121.9000244140625,1121.9000244140625,1025.0,1041.5999755859375,231069,,NSE
CUMMINSIND,2015-08-25,1051.0,1168.550048828125,1005.0,1115.0999755859375,360739,,NSE
CUMMINSIND,2015-08-26,1149.0,1149.0,1081.25,1101.0,206492,,NSE
CUMMINSIND,2015-08-27,1122.0,1129.699951171875,1075.0,1080.449951171875,190109,,NSE
CUMMINSIND,2015-08-28,1080.449951171875,1122.0,1080.449951171875,1110.8499755859375,354126,,NSE
CUMMINSIND,2015-08-31,1108.25,1125.0,1083.5999755859375,1099.0,134211,,NSE
CUMMINSIND,2015-09-01,1075.0,1104.9000244140625,1036.8499755859375,1071.8499755859375,168430,,NSE
CUMMINSIND,2015-09-02,1072.699951171875,1088.0,1058.0,1065.949951171875,106825,,NSE
CUMMINSIND,2015-09-03,1068.800048828125,1103.5,1065.050048828125,1070.0,250846,,NSE
CUMMINSIND,2015-09-04,1075.949951171875,1090.0,1057.050048828125,1079.449951171875,160207,,NSE
CUMMINSIND,2015-09-07,1080.0,1085.0,1032.3499755859375,1061.0,102279,,NSE
CUMMINSIND,2015-09-08,1058.0,1084.0,1039.449951171875,1055.449951171875,138860,,NSE
CUMMINSIND,2015-09-09,1069.800048828125,1125.0,1066.0,1117.5999755859375,149481,,NSE
CUMMINSIND,2015-09-10,1105.0,1122.0,1077.699951171875,1110.25,200374,,NSE
CUMMINSIND,2015-09-11,1118.8499755859375,1118.8499755859375,1090.5,1108.8499755859375,141744,,NSE
CUMMINSIND,2015-09-14,1117.0,1125.0,1098.0999755859375,1108.3499755859375,224167,,NSE
CUMMINSIND,2015-09-15,1116.800048828125,1116.800048828125,1091.0,1097.949951171875,77418,,NSE
CUMMINSIND,2015-09-16,1099.8499755859375,1099.8499755859375,1076.0,1089.449951171875,205006,,NSE
CUMMINSIND,2015-09-18,1092.0,1159.5,1081.300048828125,1116.550048828125,440382,,NSE
CUMMINSIND,2015-09-21,1085.0,1127.800048828125,1085.0,1118.550048828125,127853,,NSE
CUMMINSIND,2015-09-22,1133.800048828125,1133.800048828125,1085.0,1102.6500244140625,89331,,NSE
CUMMINSIND,2015-09-23,1085.0,1107.800048828125,1082.0,1089.75,731603,,NSE
CUMMINSIND,2015-09-24,1089.0,1115.9000244140625,1083.0,1100.75,88563,,NSE
CUMMINSIND,2015-09-28,1112.0,1119.0,1087.0999755859375,1094.800048828125,109158,,NSE
CUMMINSIND,2015-09-29,1097.949951171875,1099.5999755859375,1070.0,1074.300048828125,172662,,NSE
CUMMINSIND,2015-09-30,1095.0,1119.0,1074.0,1095.4000244140625,254763,,NSE
CUMMINSIND,2015-10-01,1095.0,1109.0,1081.050048828125,1088.5,46587,,NSE
CUMMINSIND,2015-10-05,1090.0,1123.5999755859375,1088.0,1104.0,122094,,NSE
CUMMINSIND,2015-10-06,1116.699951171875,1116.699951171875,1074.050048828125,1078.449951171875,183604,,NSE
CUMMINSIND,2015-10-07,1086.4000244140625,1089.800048828125,1058.300048828125,1064.199951171875,125539,,NSE
CUMMINSIND,2015-10-08,1065.0,1072.0,1045.0,1049.6500244140625,60283,,NSE
CUMMINSIND,2015-10-09,1055.0,1078.0,1051.0,1064.550048828125,111535,,NSE
CUMMINSIND,2015-10-12,1066.050048828125,1074.9000244140625,1053.0,1063.5,65787,,NSE
CUMMINSIND,2015-10-13,1075.0,1075.0,1026.050048828125,1033.949951171875,106405,,NSE
CUMMINSIND,2015-10-14,1039.9000244140625,1053.1500244140625,1036.0,1050.6500244140625,62618,,NSE
CUMMINSIND,2015-10-15,1064.0,1073.5,1046.0999755859375,1054.199951171875,133455,,NSE
CUMMINSIND,2015-10-16,1065.0,1070.0,1045.0,1059.300048828125,295335,,NSE
CUMMINSIND,2015-10-19,1058.0,1072.0,1049.0,1062.4000244140625,294673,,NSE
CUMMINSIND,2015-10-20,1062.5,1096.0,1050.0,1074.699951171875,556346,,NSE
CUMMINSIND,2015-10-21,1073.0,1083.949951171875,1064.0,1075.550048828125,152418,,NSE
CUMMINSIND,2015-10-23,1077.0,1087.9000244140625,1046.0,1062.8499755859375,334249,,NSE
CUMMINSIND,2015-10-26,1070.0,1109.0999755859375,1031.199951171875,1062.4000244140625,370172,,NSE
CUMMINSIND,2015-10-27,1083.0,1094.8499755859375,1051.0,1062.5,105637,,NSE
CUMMINSIND,2015-10-28,1060.25,1065.0,1055.25,1060.25,573230,,NSE
CUMMINSIND,2015-10-29,1075.0,1075.0,1058.0,1063.4000244140625,153840,,NSE
CUMMINSIND,2015-10-30,1063.4000244140625,1082.9000244140625,1051.0,1073.699951171875,106962,,NSE
CUMMINSIND,2015-11-02,1088.0,1089.949951171875,1070.1500244140625,1077.0999755859375,86002,,NSE
CUMMINSIND,2015-11-03,1084.0,1088.5,1057.3499755859375,1070.3499755859375,237043,,NSE
CUMMINSIND,2015-11-04,1070.0999755859375,1102.75,1065.0,1082.8499755859375,94655,,NSE
CUMMINSIND,2015-11-05,1080.0,1094.5,1051.0999755859375,1059.050048828125,149805,,NSE
CUMMINSIND,2015-11-06,1059.050048828125,1059.5999755859375,992.0999755859375,1045.449951171875,298560,,NSE
CUMMINSIND,2015-11-09,1039.0,1054.5999755859375,1009.2999877929688,1048.5999755859375,91254,,NSE
CUMMINSIND,2015-11-10,1048.6500244140625,1048.6500244140625,1002.5,1014.7000122070312,72669,,NSE
CUMMINSIND,2015-11-13,1039.0,1050.0,1001.9500122070312,1011.7000122070312,97768,,NSE
CUMMINSIND,2015-11-16,1011.0,1014.7999877929688,995.0,1007.4500122070312,65061,,NSE
CUMMINSIND,2015-11-17,1008.0,1013.5999755859375,956.0,992.1500244140625,557239,,NSE
CUMMINSIND,2015-11-18,992.0,999.4000244140625,976.0,987.9500122070312,138675,,NSE
CUMMINSIND,2015-11-19,987.9500122070312,999.9500122070312,980.0,995.9000244140625,77066,,NSE
CUMMINSIND,2015-11-20,1001.0,1013.0,990.2000122070312,1008.5,83617,,NSE
CUMMINSIND,2015-11-23,1016.0,1018.75,996.0,1005.4000244140625,34378,,NSE
CUMMINSIND,2015-11-24,1011.0,1025.0,995.25,1009.4000244140625,51906,,NSE
CUMMINSIND,2015-11-26,1019.0,1019.0,982.0499877929688,996.5,219710,,NSE
CUMMINSIND,2015-11-27,1004.0,1004.0,986.0,994.7999877929688,133651,,NSE
CUMMINSIND,2015-11-30,1004.0,1005.0,987.5499877929688,991.4500122070312,101865,,NSE
CUMMINSIND,2015-12-01,1001.7999877929688,1043.0,993.0499877929688,1027.0,99695,,NSE
CUMMINSIND,2015-12-02,1020.0,1036.949951171875,991.0,1013.1500244140625,211752,,NSE
CUMMINSIND,2015-12-03,1008.0,1017.75,995.0999755859375,998.8499755859375,159913,,NSE
CUMMINSIND,2015-12-04,992.2999877929688,1015.0,991.5499877929688,994.7999877929688,48624,,NSE
CUMMINSIND,2015-12-07,994.7000122070312,1015.0,993.5999755859375,1003.7999877929688,58504,,NSE
CUMMINSIND,2015-12-08,995.0,1007.0,981.5499877929688,993.2000122070312,58714,,NSE
CUMMINSIND,2015-12-09,990.0,998.9500122070312,968.5,993.5499877929688,55291,,NSE
CUMMINSIND,2015-12-10,993.5999755859375,996.9500122070312,981.0,991.3499755859375,129236,,NSE
CUMMINSIND,2015-12-11,991.3499755859375,997.0,980.0499877929688,990.75,77238,,NSE
CUMMINSIND,2015-12-14,981.5499877929688,1029.25,981.5499877929688,1023.4500122070312,323092,,NSE
CUMMINSIND,2015-12-15,1032.5,1032.5,999.0,1015.7000122070312,57088,,NSE
CUMMINSIND,2015-12-16,1015.4500122070312,1020.0,1001.0,1011.2000122070312,133592,,NSE
CUMMINSIND,2015-12-17,1012.3499755859375,1025.0,1004.9500122070312,1021.3499755859375,119541,,NSE
CUMMINSIND,2015-12-18,1015.0,1047.9000244140625,1015.0,1025.1500244140625,395757,,NSE
CUMMINSIND,2015-12-21,1028.0,1041.0,1024.6500244140625,1036.5999755859375,126363,,NSE
CUMMINSIND,2015-12-22,1036.0,1036.0,1014.0,1023.5,259081,,NSE
CUMMINSIND,2015-12-23,1028.9000244140625,1032.5,1017.0999755859375,1024.8499755859375,31948,,NSE
CUMMINSIND,2015-12-24,1026.949951171875,1034.949951171875,1010.0,1029.8499755859375,25002,,NSE
CUMMINSIND,2015-12-28,1030.0,1057.449951171875,1003.25,1021.75,103039,,NSE
CUMMINSIND,2015-12-29,1017.25,1032.0,1011.0,1026.1500244140625,89865,,NSE
CUMMINSIND,2015-12-30,1036.0,1038.6500244140625,1012.2000122070312,1022.8499755859375,52655,,NSE
CUMMINSIND,2015-12-31,1022.0,1040.0,1016.0,1030.300048828125,27938,,NSE
CUMMINSIND,2016-01-01,1030.0,1047.0,1025.0,1038.800048828125,34420,,NSE
CUMMINSIND,2016-01-04,1038.800048828125,1050.0,1017.1500244140625,1023.4500122070312,72287,,NSE
CUMMINSIND,2016-01-05,1045.5,1045.5,1010.0,1014.5499877929688,98447,,NSE
CUMMINSIND,2016-01-06,1012.0499877929688,1030.0,1005.0,1009.6500244140625,62021,,NSE
CUMMINSIND,2016-01-07,1011.5,1055.0,993.0,1005.2000122070312,124496,,NSE
CUMMINSIND,2016-01-08,1022.8499755859375,1022.8499755859375,997.0,1002.8499755859375,118495,,NSE
CUMMINSIND,2016-01-11,998.0,1009.9000244140625,977.0,985.25,115195,,NSE
CUMMINSIND,2016-01-12,988.9500122070312,1000.0,983.5999755859375,990.0,96981,,NSE
CUMMINSIND,2016-01-13,995.0499877929688,996.0,961.0,973.2000122070312,146693,,NSE
CUMMINSIND,2016-01-14,970.0,994.5,954.9500122070312,982.25,94695,,NSE
CUMMINSIND,2016-01-15,982.2000122070312,996.0,961.75,972.2000122070312,128338,,NSE
CUMMINSIND,2016-01-18,991.9000244140625,994.0,955.0,964.2999877929688,136696,,NSE
CUMMINSIND,2016-01-19,965.0,975.0,945.0,947.7999877929688,93634,,NSE
CUMMINSIND,2016-01-20,945.0,951.0,890.0,912.1500244140625,373411,,NSE
CUMMINSIND,2016-01-21,923.5,928.0,876.0,899.2999877929688,376875,,NSE
CUMMINSIND,2016-01-22,900.0499877929688,925.2000122070312,891.0,911.9000244140625,446743,,NSE
CUMMINSIND,2016-01-25,915.0,939.0,894.7000122070312,902.4000244140625,399094,,NSE
CUMMINSIND,2016-01-27,900.0,918.9000244140625,896.0,913.7999877929688,164238,,NSE
CUMMINSIND,2016-01-28,914.0,923.0,907.0,918.25,524349,,NSE
CUMMINSIND,2016-01-29,915.0499877929688,925.5499877929688,900.0999755859375,923.5999755859375,188417,,NSE
CUMMINSIND,2016-02-01,933.0,966.9000244140625,925.0499877929688,944.5,99737,,NSE
CUMMINSIND,2016-02-02,953.0,954.7000122070312,872.4000244140625,898.4500122070312,730375,,NSE
CUMMINSIND,2016-02-03,888.0,913.5,884.0,896.9000244140625,120882,,NSE
CUMMINSIND,2016-02-04,901.0,959.0,890.0,933.0999755859375,112050,,NSE
CUMMINSIND,2016-02-05,937.0,975.0,926.0,967.2000122070312,209665,,NSE
CUMMINSIND,2016-02-08,980.0,980.1500244140625,921.0999755859375,951.2000122070312,288373,,NSE
CUMMINSIND,2016-02-09,949.0,949.0,921.0,927.1500244140625,196701,,NSE
CUMMINSIND,2016-02-10,927.25,942.0,919.5,930.7999877929688,120624,,NSE
CUMMINSIND,2016-02-11,930.0,944.9000244140625,900.0,922.0,354691,,NSE
CUMMINSIND,2016-02-12,922.5,922.5,863.0999755859375,883.0999755859375,289119,,NSE
CUMMINSIND,2016-02-15,897.7999877929688,918.5,889.1500244140625,904.0499877929688,55346,,NSE
CUMMINSIND,2016-02-16,900.0,919.4500122070312,880.0999755859375,887.2000122070312,63113,,NSE
CUMMINSIND,2016-02-17,893.0,893.0,857.0499877929688,882.5499877929688,74831,,NSE
CUMMINSIND,2016-02-18,889.0,905.0,877.0,887.9500122070312,110481,,NSE
CUMMINSIND,2016-02-19,885.0,891.25,862.2000122070312,868.25,64482,,NSE
CUMMINSIND,2016-02-22,875.0,888.4000244140625,870.0499877929688,879.5,53568,,NSE
CUMMINSIND,2016-02-23,881.0,886.0,864.4500122070312,879.3499755859375,166420,,NSE
CUMMINSIND,2016-02-24,875.0,875.0,853.0,858.9000244140625,351200,,NSE
CUMMINSIND,2016-02-25,866.0,866.0,832.0,840.9500122070312,125268,,NSE
CUMMINSIND,2016-02-26,858.5999755859375,879.0,816.0,833.25,274243,,NSE
CUMMINSIND,2016-02-29,833.0,841.0,790.0,809.25,317307,,NSE
CUMMINSIND,2016-03-01,818.0,848.0,802.3499755859375,825.9500122070312,318604,,NSE
CUMMINSIND,2016-03-02,839.0,849.0,827.6500244140625,837.4500122070312,292554,,NSE
CUMMINSIND,2016-03-03,829.0999755859375,887.5999755859375,829.0999755859375,876.5999755859375,357457,,NSE
CUMMINSIND,2016-03-04,885.0,886.9500122070312,863.0,875.5,297605,,NSE
CUMMINSIND,2016-03-08,879.0,884.0,862.0,865.2000122070312,106566,,NSE
CUMMINSIND,2016-03-09,860.0,873.9000244140625,853.0499877929688,863.4000244140625,171258,,NSE
CUMMINSIND,2016-03-10,865.0,889.0,846.0,851.4000244140625,140061,,NSE
CUMMINSIND,2016-03-11,851.4000244140625,857.0,842.4500122070312,847.4000244140625,286977,,NSE
CUMMINSIND,2016-03-14,851.8499755859375,869.0999755859375,834.5,841.8499755859375,317214,,NSE
CUMMINSIND,2016-03-15,840.0,845.0,831.0999755859375,843.2999877929688,105374,,NSE
CUMMINSIND,2016-03-16,843.2999877929688,855.5499877929688,832.5,847.3499755859375,105385,,NSE
CUMMINSIND,2016-03-17,862.0,862.0,840.0999755859375,845.9000244140625,240037,,NSE
CUMMINSIND,2016-03-18,846.0,851.4000244140625,835.25,839.5499877929688,223524,,NSE
CUMMINSIND,2016-03-21,849.7999877929688,854.5999755859375,835.5,849.5499877929688,295143,,NSE
CUMMINSIND,2016-03-22,854.9500122070312,899.8499755859375,849.0999755859375,888.1500244140625,348528,,NSE
CUMMINSIND,2016-03-23,890.0,896.0,873.9000244140625,879.2000122070312,217856,,NSE
CUMMINSIND,2016-03-28,878.0,890.0,867.4500122070312,877.9500122070312,125121,,NSE
CUMMINSIND,2016-03-29,862.0,872.9500122070312,842.5999755859375,848.9500122070312,251291,,NSE
CUMMINSIND,2016-03-30,845.7999877929688,851.8499755859375,837.2000122070312,847.75,619688,,NSE
CUMMINSIND,2016-03-31,854.0,867.0,836.0999755859375,841.7999877929688,807711,,NSE
CUMMINSIND,2016-04-01,840.0,894.9000244140625,840.0,861.75,508939,,NSE
CUMMINSIND,2016-04-04,860.2000122070312,877.75,860.0,863.0,123686,,NSE
CUMMINSIND,2016-04-05,860.25,860.2999877929688,836.2000122070312,838.3499755859375,182611,,NSE
CUMMINSIND,2016-04-06,838.0,885.0,828.1500244140625,874.6500244140625,309013,,NSE
CUMMINSIND,2016-04-07,872.4500122070312,877.0,857.0,860.9000244140625,96467,,NSE
CUMMINSIND,2016-04-08,860.0,875.0,859.5,866.75,67789,,NSE
CUMMINSIND,2016-04-11,870.0,884.0999755859375,866.0499877929688,880.1500244140625,205918,,NSE
CUMMINSIND,2016-04-12,880.0999755859375,906.9000244140625,873.5999755859375,890.5999755859375,437155,,NSE
CUMMINSIND,2016-04-13,900.0,919.0,896.0,906.2000122070312,460780,,NSE
CUMMINSIND,2016-04-18,910.0,914.4000244140625,883.0,888.0999755859375,179126,,NSE
CUMMINSIND,2016-04-20,892.0999755859375,903.3499755859375,881.0999755859375,892.2000122070312,294543,,NSE
CUMMINSIND,2016-04-21,898.1500244140625,899.9000244140625,873.0,876.9500122070312,534171,,NSE
CUMMINSIND,2016-04-22,882.7999877929688,883.0,866.5999755859375,876.2999877929688,65922,,NSE
CUMMINSIND,2016-04-25,877.0,883.8499755859375,855.0,864.0499877929688,73717,,NSE
CUMMINSIND,2016-04-26,869.0,885.9000244140625,863.3499755859375,881.9500122070312,120077,,NSE
CUMMINSIND,2016-04-27,880.0,905.0,878.2000122070312,888.5499877929688,170866,,NSE
CUMMINSIND,2016-04-28,892.9000244140625,900.7999877929688,855.7999877929688,868.75,162437,,NSE
CUMMINSIND,2016-04-29,874.0999755859375,905.0,871.0,885.1500244140625,269755,,NSE
CUMMINSIND,2016-05-02,889.7999877929688,895.0,881.0,889.0499877929688,63853,,NSE
CUMMINSIND,2016-05-03,895.0,914.9000244140625,888.1500244140625,893.5,365695,,NSE
CUMMINSIND,2016-05-04,892.5,893.4500122070312,845.2000122070312,853.3499755859375,285712,,NSE
CUMMINSIND,2016-05-05,860.0,866.0,842.0499877929688,850.75,202225,,NSE
CUMMINSIND,2016-05-06,855.0,860.5,851.0,854.8499755859375,53608,,NSE
CUMMINSIND,2016-05-09,854.0,866.5999755859375,850.5,864.3499755859375,105433,,NSE
CUMMINSIND,2016-05-10,868.9000244140625,891.0,857.0999755859375,881.5999755859375,219353,,NSE
CUMMINSIND,2016-05-11,881.7999877929688,895.0,866.7000122070312,870.25,260617,,NSE
CUMMINSIND,2016-05-12,871.0,879.8499755859375,861.5499877929688,865.0499877929688,276302,,NSE
CUMMINSIND,2016-05-13,870.0,870.0,850.0,854.1500244140625,106345,,NSE
CUMMINSIND,2016-05-16,858.0,864.6500244140625,845.0499877929688,850.2999877929688,327263,,NSE
CUMMINSIND,2016-05-17,851.0999755859375,853.6500244140625,843.3499755859375,850.0499877929688,109836,,NSE
CUMMINSIND,2016-05-18,854.5,870.0,842.0499877929688,858.7999877929688,135039,,NSE
CUMMINSIND,2016-05-19,860.0,868.4000244140625,851.0,858.8499755859375,191752,,NSE
CUMMINSIND,2016-05-20,859.0,868.0,852.3499755859375,864.5,90621,,NSE
CUMMINSIND,2016-05-23,869.7000122070312,882.0,869.5,871.7000122070312,245707,,NSE
CUMMINSIND,2016-05-24,868.0,879.0,862.2000122070312,870.5999755859375,231406,,NSE
CUMMINSIND,2016-05-25,876.0,877.8499755859375,857.0499877929688,861.9000244140625,192219,,NSE
CUMMINSIND,2016-05-26,846.0999755859375,846.0999755859375,746.1500244140625,807.6500244140625,3632827,,NSE
CUMMINSIND,2016-05-27,807.0,807.6500244140625,759.0499877929688,783.9000244140625,2720009,,NSE
CUMMINSIND,2016-05-30,778.0,793.9000244140625,778.0,788.4500122070312,267302,,NSE
CUMMINSIND,2016-05-31,788.4500122070312,804.0,787.9500122070312,800.0,605367,,NSE
CUMMINSIND,2016-06-01,803.4500122070312,807.0,771.0,776.0999755859375,541454,,NSE
CUMMINSIND,2016-06-02,784.0,792.5499877929688,770.0,789.9500122070312,387716,,NSE
CUMMINSIND,2016-06-03,789.0,801.0,787.0,798.9500122070312,352675,,NSE
CUMMINSIND,2016-06-06,798.7999877929688,804.6500244140625,792.0999755859375,799.7999877929688,390713,,NSE
CUMMINSIND,2016-06-07,805.0,805.0,795.25,800.0499877929688,344320,,NSE
CUMMINSIND,2016-06-08,800.0,807.0,795.0,800.0,149602,,NSE
CUMMINSIND,2016-06-09,800.0,803.25,787.5,793.25,231849,,NSE
CUMMINSIND,2016-06-10,797.9500122070312,800.2000122070312,786.0,796.7000122070312,547025,,NSE
CUMMINSIND,2016-06-13,795.0,799.9500122070312,787.2000122070312,797.9000244140625,172541,,NSE
CUMMINSIND,2016-06-14,799.9500122070312,818.2000122070312,797.75,800.2999877929688,390478,,NSE
CUMMINSIND,2016-06-15,804.0,808.0,799.2000122070312,800.2999877929688,156533,,NSE
CUMMINSIND,2016-06-16,799.9500122070312,802.0,791.9000244140625,800.25,337636,,NSE
CUMMINSIND,2016-06-17,801.7000122070312,806.2000122070312,797.2999877929688,799.8499755859375,155719,,NSE
CUMMINSIND,2016-06-20,798.6500244140625,804.0,791.2999877929688,800.1500244140625,141645,,NSE
CUMMINSIND,2016-06-21,802.0,807.0,797.1500244140625,801.2000122070312,212628,,NSE
CUMMINSIND,2016-06-22,801.0,813.0,792.2000122070312,809.7000122070312,141317,,NSE
CUMMINSIND,2016-06-23,815.0,817.0,801.25,813.9000244140625,112794,,NSE
CUMMINSIND,2016-06-24,800.0,819.2000122070312,774.9000244140625,800.7000122070312,391224,,NSE
CUMMINSIND,2016-06-27,802.0,812.9500122070312,798.0499877929688,806.0499877929688,343391,,NSE
CUMMINSIND,2016-06-28,806.0,819.2000122070312,806.0,810.7000122070312,402978,,NSE
CUMMINSIND,2016-06-29,812.0499877929688,835.0,812.0,831.25,430007,,NSE
CUMMINSIND,2016-06-30,840.0,855.0,827.5999755859375,848.9000244140625,594336,,NSE
CUMMINSIND,2016-07-01,848.0,863.75,837.5,843.8499755859375,111636,,NSE
CUMMINSIND,2016-07-04,847.9000244140625,857.0,840.0,852.5,508523,,NSE
CUMMINSIND,2016-07-05,852.5,856.0,840.0,841.6500244140625,325021,,NSE
CUMMINSIND,2016-07-07,842.0999755859375,844.8499755859375,821.0,824.6500244140625,543058,,NSE
CUMMINSIND,2016-07-08,829.0,829.0,813.0,818.0499877929688,163789,,NSE
CUMMINSIND,2016-07-11,823.0999755859375,835.0,821.6500244140625,823.9000244140625,234065,,NSE
CUMMINSIND,2016-07-12,828.0,828.0,813.0999755859375,816.5999755859375,367130,,NSE
CUMMINSIND,2016-07-13,816.0,830.9500122070312,816.0,820.4000244140625,302438,,NSE
CUMMINSIND,2016-07-14,817.0,826.0,815.0,818.5999755859375,124968,,NSE
CUMMINSIND,2016-07-15,818.0,825.0,815.0999755859375,817.7999877929688,188336,,NSE
CUMMINSIND,2016-07-18,819.0,828.5,818.2000122070312,823.2000122070312,182750,,NSE
CUMMINSIND,2016-07-19,823.0,845.8499755859375,823.0,843.9500122070312,335827,,NSE
CUMMINSIND,2016-07-20,845.0499877929688,858.9000244140625,845.0,855.0,284845,,NSE
CUMMINSIND,2016-07-21,855.0,891.25,855.0,884.5,615642,,NSE
CUMMINSIND,2016-07-22,894.0,895.0499877929688,880.5999755859375,887.25,222406,,NSE
CUMMINSIND,2016-07-25,887.25,904.7999877929688,885.3499755859375,893.0999755859375,318434,,NSE
CUMMINSIND,2016-07-26,887.4000244140625,900.0,879.5499877929688,890.5,138043,,NSE
CUMMINSIND,2016-07-27,890.5,898.75,876.4000244140625,881.7999877929688,283345,,NSE
CUMMINSIND,2016-07-28,878.1500244140625,898.8499755859375,871.2999877929688,885.5499877929688,252847,,NSE
CUMMINSIND,2016-07-29,887.25,888.25,868.0499877929688,870.5999755859375,96930,,NSE
CUMMINSIND,2016-08-01,871.0,880.0,831.7000122070312,843.2999877929688,509858,,NSE
CUMMINSIND,2016-08-02,840.2999877929688,858.6500244140625,838.0499877929688,850.6500244140625,205842,,NSE
CUMMINSIND,2016-08-03,850.0999755859375,852.7000122070312,810.0,826.2999877929688,306162,,NSE
CUMMINSIND,2016-08-04,826.25,848.7999877929688,814.5,839.1500244140625,752336,,NSE
CUMMINSIND,2016-08-05,839.2999877929688,877.2000122070312,835.7999877929688,856.5999755859375,1387249,,NSE
CUMMINSIND,2016-08-08,859.0,929.0,858.0499877929688,903.4500122070312,676576,,NSE
CUMMINSIND,2016-08-09,910.0,913.5999755859375,882.0,898.4000244140625,806040,,NSE
CUMMINSIND,2016-08-10,898.0,905.0,887.5999755859375,896.5,206894,,NSE
CUMMINSIND,2016-08-11,888.25,897.0,867.0,890.4500122070312,148497,,NSE
CUMMINSIND,2016-08-12,897.0,910.0,891.0499877929688,902.5,187993,,NSE
CUMMINSIND,2016-08-16,909.0,925.0,893.0,901.2999877929688,324070,,NSE
CUMMINSIND,2016-08-17,896.0,905.9500122070312,889.8499755859375,895.3499755859375,190958,,NSE
CUMMINSIND,2016-08-18,897.9000244140625,902.9500122070312,892.5499877929688,895.8499755859375,137675,,NSE
CUMMINSIND,2016-08-19,895.0,901.0,892.0,895.0999755859375,114081,,NSE
CUMMINSIND,2016-08-22,897.0,898.5499877929688,875.0999755859375,878.3499755859375,88255,,NSE
CUMMINSIND,2016-08-23,876.0,892.0999755859375,873.5999755859375,885.5,95382,,NSE
CUMMINSIND,2016-08-24,890.0,917.2999877929688,883.9500122070312,902.1500244140625,272503,,NSE
CUMMINSIND,2016-08-25,912.5,915.0,893.4000244140625,897.5499877929688,278738,,NSE
CUMMINSIND,2016-08-26,905.0,905.0,886.4500122070312,894.75,178094,,NSE
CUMMINSIND,2016-08-29,895.0,904.9500122070312,887.4000244140625,900.5,85320,,NSE
CUMMINSIND,2016-08-30,903.0,931.9500122070312,902.8499755859375,917.2000122070312,468928,,NSE
CUMMINSIND,2016-08-31,923.0,933.75,913.0,920.4000244140625,177971,,NSE
CUMMINSIND,2016-09-01,926.9000244140625,927.3499755859375,918.0,922.0999755859375,123984,,NSE
CUMMINSIND,2016-09-02,922.0999755859375,938.5,918.4000244140625,924.0,327330,,NSE
CUMMINSIND,2016-09-06,933.0,933.0,907.0499877929688,922.0999755859375,229006,,NSE
CUMMINSIND,2016-09-07,925.0499877929688,932.0,916.5999755859375,926.4500122070312,172946,,NSE
CUMMINSIND,2016-09-08,927.0,944.7000122070312,918.0,935.5999755859375,429986,,NSE
CUMMINSIND,2016-09-09,935.6500244140625,947.0,927.8499755859375,933.9500122070312,178990,,NSE
CUMMINSIND,2016-09-12,927.0,933.4500122070312,911.25,928.5999755859375,414521,,NSE
CUMMINSIND,2016-09-14,933.0,937.5,907.75,913.7999877929688,450302,,NSE
CUMMINSIND,2016-09-15,913.8499755859375,918.0,897.1500244140625,906.0499877929688,297083,,NSE
CUMMINSIND,2016-09-16,909.7000122070312,927.4000244140625,909.7000122070312,921.4000244140625,198978,,NSE
CUMMINSIND,2016-09-19,923.0,929.8499755859375,917.9500122070312,922.1500244140625,205562,,NSE
CUMMINSIND,2016-09-20,925.0,927.3499755859375,910.5999755859375,916.5,90304,,NSE
CUMMINSIND,2016-09-21,916.0,916.9000244140625,897.0,900.2999877929688,326222,,NSE
CUMMINSIND,2016-09-22,905.0999755859375,914.4000244140625,897.2000122070312,906.75,78866,,NSE
CUMMINSIND,2016-09-23,910.0499877929688,911.0,891.5999755859375,896.4500122070312,256870,,NSE
CUMMINSIND,2016-09-26,900.0,906.2999877929688,891.2000122070312,893.1500244140625,229079,,NSE
CUMMINSIND,2016-09-27,894.0499877929688,909.0,892.3499755859375,903.2999877929688,292422,,NSE
CUMMINSIND,2016-09-28,903.2999877929688,910.25,895.2999877929688,902.75,142091,,NSE
CUMMINSIND,2016-09-29,902.7999877929688,909.0,875.0999755859375,887.8499755859375,581583,,NSE
CUMMINSIND,2016-09-30,886.0,915.9500122070312,886.0,905.5,176975,,NSE
CUMMINSIND,2016-10-03,901.0,931.7000122070312,900.5999755859375,928.6500244140625,263434,,NSE
CUMMINSIND,2016-10-04,928.7000122070312,935.4000244140625,917.5999755859375,929.2999877929688,162118,,NSE
CUMMINSIND,2016-10-05,929.0,940.0,922.9000244140625,934.6500244140625,117217,,NSE
CUMMINSIND,2016-10-06,934.6500244140625,934.6500244140625,913.0499877929688,916.6500244140625,121947,,NSE
CUMMINSIND,2016-10-07,916.6500244140625,919.2999877929688,908.3499755859375,910.4500122070312,42450,,NSE
CUMMINSIND,2016-10-10,910.5,916.9000244140625,895.0,900.7999877929688,263969,,NSE
CUMMINSIND,2016-10-13,903.9000244140625,903.9000244140625,873.7000122070312,875.4000244140625,121427,,NSE
CUMMINSIND,2016-10-14,879.7999877929688,881.75,866.0999755859375,869.7000122070312,108579,,NSE
CUMMINSIND,2016-10-17,869.9000244140625,882.7999877929688,845.5999755859375,852.2000122070312,465207,,NSE
CUMMINSIND,2016-10-18,854.5499877929688,875.4500122070312,848.5999755859375,860.0999755859375,361227,,NSE
CUMMINSIND,2016-10-19,864.4000244140625,868.3499755859375,837.4500122070312,844.7000122070312,288771,,NSE
CUMMINSIND,2016-10-20,849.7000122070312,863.7999877929688,841.5999755859375,859.7999877929688,190652,,NSE
CUMMINSIND,2016-10-21,861.25,866.2999877929688,843.2999877929688,851.75,181786,,NSE
CUMMINSIND,2016-10-24,862.0,862.0,849.5999755859375,851.2000122070312,199944,,NSE
CUMMINSIND,2016-10-25,854.0,874.7000122070312,849.75,867.2000122070312,184526,,NSE
CUMMINSIND,2016-10-26,867.3499755859375,901.0499877929688,865.2000122070312,877.0499877929688,358703,,NSE
CUMMINSIND,2016-10-27,895.0,895.0,836.5499877929688,850.0,974685,,NSE
CUMMINSIND,2016-10-28,855.25,861.8499755859375,846.4500122070312,849.0499877929688,199613,,NSE
CUMMINSIND,2016-11-01,865.0,865.0,848.0,852.75,354242,,NSE
CUMMINSIND,2016-11-02,852.75,857.8499755859375,832.0499877929688,841.25,253660,,NSE
CUMMINSIND,2016-11-03,838.5499877929688,848.4500122070312,837.2999877929688,839.5499877929688,336047,,NSE
CUMMINSIND,2016-11-04,841.0,847.25,825.0,828.4000244140625,161863,,NSE
CUMMINSIND,2016-11-07,833.9000244140625,842.9500122070312,828.0999755859375,838.7000122070312,178815,,NSE
CUMMINSIND,2016-11-08,842.5,848.7000122070312,837.5,841.25,116605,,NSE
CUMMINSIND,2016-11-09,819.0,832.0,757.2000122070312,821.6500244140625,225505,,NSE
CUMMINSIND,2016-11-10,820.2000122070312,843.0,820.2000122070312,825.0499877929688,249040,,NSE
CUMMINSIND,2016-11-11,822.8499755859375,825.0499877929688,800.0999755859375,805.0499877929688,221195,,NSE
CUMMINSIND,2016-11-15,807.0,807.4000244140625,765.0,786.4000244140625,418789,,NSE
CUMMINSIND,2016-11-16,809.0,809.0,779.0,800.3499755859375,134408,,NSE
CUMMINSIND,2016-11-17,793.0,806.7999877929688,765.0,778.9000244140625,184529,,NSE
CUMMINSIND,2016-11-18,782.25,803.0,775.0,790.5,144029,,NSE
CUMMINSIND,2016-11-21,790.0,790.0,760.0,762.5,201101,,NSE
CUMMINSIND,2016-11-22,768.0,778.0,756.9500122070312,772.2000122070312,247576,,NSE
CUMMINSIND,2016-11-23,772.25,781.75,747.5499877929688,762.9500122070312,240788,,NSE
CUMMINSIND,2016-11-24,750.0,789.7999877929688,750.0,776.0999755859375,208762,,NSE
CUMMINSIND,2016-11-25,776.0,782.25,766.0499877929688,776.7000122070312,111091,,NSE
CUMMINSIND,2016-11-28,776.75,779.7999877929688,760.6500244140625,764.8499755859375,211016,,NSE
CUMMINSIND,2016-11-29,764.9000244140625,783.9500122070312,759.0,776.0,99989,,NSE
CUMMINSIND,2016-11-30,776.0499877929688,792.0,775.5,788.8499755859375,121245,,NSE
CUMMINSIND,2016-12-01,788.0,798.6500244140625,771.0999755859375,772.8499755859375,178335,,NSE
CUMMINSIND,2016-12-02,772.0,775.0499877929688,751.5,756.1500244140625,190942,,NSE
CUMMINSIND,2016-12-05,755.0,776.0,751.0,774.0,80875,,NSE
CUMMINSIND,2016-12-06,772.0,782.7000122070312,760.0,777.7999877929688,333327,,NSE
CUMMINSIND,2016-12-07,783.9000244140625,783.9000244140625,764.9000244140625,769.0,114539,,NSE
CUMMINSIND,2016-12-08,771.5999755859375,798.5,765.2999877929688,794.5,100734,,NSE
CUMMINSIND,2016-12-09,792.6500244140625,808.0499877929688,785.0,794.2999877929688,110949,,NSE
CUMMINSIND,2016-12-12,804.0,804.0,771.4500122070312,774.9000244140625,141842,,NSE
CUMMINSIND,2016-12-13,773.1500244140625,788.4000244140625,768.1500244140625,779.4500122070312,158115,,NSE
CUMMINSIND,2016-12-14,783.9500122070312,788.0499877929688,774.4500122070312,784.75,51953,,NSE
CUMMINSIND,2016-12-15,783.75,807.7999877929688,777.0,802.7999877929688,155521,,NSE
CUMMINSIND,2016-12-16,802.7999877929688,831.0,802.7999877929688,817.9500122070312,490662,,NSE
CUMMINSIND,2016-12-19,808.1500244140625,817.0,800.3499755859375,806.0499877929688,103826,,NSE
CUMMINSIND,2016-12-20,807.2000122070312,814.5,799.2000122070312,804.4000244140625,66951,,NSE
CUMMINSIND,2016-12-21,805.0,810.4500122070312,800.25,806.9500122070312,71928,,NSE
CUMMINSIND,2016-12-22,806.9500122070312,809.2000122070312,795.0,801.4500122070312,238711,,NSE
CUMMINSIND,2016-12-23,809.0,809.0,782.8499755859375,797.75,185782,,NSE
CUMMINSIND,2016-12-26,797.0,803.4000244140625,783.0,792.3499755859375,72435,,NSE
CUMMINSIND,2016-12-27,793.0,804.0,780.0,798.25,64331,,NSE
CUMMINSIND,2016-12-28,800.0,814.5,797.0,812.0499877929688,141147,,NSE
CUMMINSIND,2016-12-29,812.4000244140625,819.0,805.0499877929688,808.75,110494,,NSE
CUMMINSIND,2016-12-30,806.25,823.0,805.7000122070312,818.75,107935,,NSE
CUMMINSIND,2017-01-02,826.75,828.7000122070312,815.5499877929688,826.1500244140625,74747,,NSE
CUMMINSIND,2017-01-03,825.1500244140625,857.9500122070312,825.1500244140625,842.9000244140625,196233,,NSE
CUMMINSIND,2017-01-04,845.0499877929688,853.9500122070312,803.4500122070312,808.3499755859375,287533,,NSE
CUMMINSIND,2017-01-05,813.9000244140625,819.25,807.0999755859375,814.8499755859375,101255,,NSE
CUMMINSIND,2017-01-06,816.75,821.5,806.0999755859375,808.5,105312,,NSE
CUMMINSIND,2017-01-09,809.0,813.2999877929688,794.0999755859375,805.25,162980,,NSE
CUMMINSIND,2017-01-10,806.2000122070312,832.0,803.9000244140625,828.1500244140625,210771,,NSE
CUMMINSIND,2017-01-11,820.5499877929688,845.0,816.4500122070312,840.5999755859375,228896,,NSE
CUMMINSIND,2017-01-12,840.0,849.0,832.7000122070312,847.0999755859375,122813,,NSE
CUMMINSIND,2017-01-13,849.0999755859375,854.9500122070312,832.5,852.5,149688,,NSE
CUMMINSIND,2017-01-16,852.5,858.75,841.5499877929688,847.7999877929688,105770,,NSE
CUMMINSIND,2017-01-17,848.75,850.4500122070312,836.0,840.0,129281,,NSE
CUMMINSIND,2017-01-18,840.0,845.0,830.0,833.2000122070312,135626,,NSE
CUMMINSIND,2017-01-19,832.0,838.0,826.2000122070312,832.0999755859375,101029,,NSE
CUMMINSIND,2017-01-20,833.0999755859375,833.0999755859375,823.0,826.5,163017,,NSE
CUMMINSIND,2017-01-23,818.2999877929688,839.9000244140625,818.2999877929688,837.7999877929688,111833,,NSE
CUMMINSIND,2017-01-24,832.0999755859375,846.0499877929688,832.0999755859375,839.6500244140625,95255,,NSE
CUMMINSIND,2017-01-25,843.1500244140625,851.0,832.0999755859375,838.0,242656,,NSE
CUMMINSIND,2017-01-27,838.0,852.0,832.2000122070312,847.1500244140625,134261,,NSE
CUMMINSIND,2017-01-30,847.1500244140625,860.0,839.7000122070312,850.25,355004,,NSE
CUMMINSIND,2017-01-31,850.25,850.6500244140625,836.4000244140625,838.9500122070312,103015,,NSE
CUMMINSIND,2017-02-01,840.0,853.0,825.5,850.2000122070312,149450,,NSE
CUMMINSIND,2017-02-02,882.0,918.7999877929688,882.0,902.7999877929688,1914420,,NSE
CUMMINSIND,2017-02-03,901.0,906.6500244140625,885.0,891.7000122070312,436550,,NSE
CUMMINSIND,2017-02-06,894.0,921.0,893.9500122070312,913.9500122070312,620076,,NSE
CUMMINSIND,2017-02-07,915.0,916.25,900.0,904.0499877929688,256559,,NSE
CUMMINSIND,2017-02-08,904.0,912.7999877929688,900.0,906.1500244140625,187188,,NSE
CUMMINSIND,2017-02-09,906.1500244140625,912.4500122070312,897.0,906.0,167909,,NSE
CUMMINSIND,2017-02-10,915.0,915.0,885.0,892.2999877929688,133478,,NSE
CUMMINSIND,2017-02-13,901.4000244140625,901.4000244140625,872.0,873.8499755859375,147869,,NSE
CUMMINSIND,2017-02-14,871.0499877929688,894.0,863.1500244140625,885.5499877929688,243134,,NSE
CUMMINSIND,2017-02-15,886.0,892.0,876.25,884.0499877929688,147040,,NSE
CUMMINSIND,2017-02-16,882.9000244140625,894.0,880.2999877929688,891.2000122070312,97673,,NSE
CUMMINSIND,2017-02-17,885.25,897.2000122070312,882.1500244140625,888.75,94770,,NSE
CUMMINSIND,2017-02-20,888.0499877929688,894.2999877929688,882.5999755859375,888.3499755859375,208119,,NSE
CUMMINSIND,2017-02-21,894.2000122070312,917.2999877929688,876.0499877929688,904.5999755859375,307061,,NSE
CUMMINSIND,2017-02-22,904.0,904.0,886.5,891.2000122070312,163524,,NSE
CUMMINSIND,2017-02-23,890.0,894.9500122070312,878.0,882.25,283518,,NSE
CUMMINSIND,2017-02-27,890.9000244140625,895.7999877929688,884.0999755859375,892.0499877929688,174154,,NSE
CUMMINSIND,2017-02-28,892.0499877929688,899.9000244140625,881.0999755859375,887.9000244140625,284304,,NSE
CUMMINSIND,2017-03-01,891.3499755859375,892.8499755859375,878.3499755859375,881.4000244140625,179214,,NSE
CUMMINSIND,2017-03-02,885.0,888.8499755859375,867.0,875.75,135119,,NSE
CUMMINSIND,2017-03-03,872.25,883.0,872.25,878.5,84067,,NSE
CUMMINSIND,2017-03-06,878.5,882.9000244140625,870.0999755859375,871.75,113307,,NSE
CUMMINSIND,2017-03-07,872.75,877.4000244140625,861.5999755859375,864.0,114916,,NSE
CUMMINSIND,2017-03-08,868.0,872.7000122070312,859.5499877929688,862.3499755859375,288776,,NSE
CUMMINSIND,2017-03-09,862.2000122070312,865.3499755859375,855.0,859.4500122070312,161056,,NSE
CUMMINSIND,2017-03-10,855.0,860.0499877929688,851.5,855.5,239359,,NSE
CUMMINSIND,2017-03-14,861.0,867.9500122070312,840.0,847.0999755859375,400592,,NSE
CUMMINSIND,2017-03-15,847.0999755859375,874.0999755859375,847.0999755859375,872.1500244140625,886486,,NSE
CUMMINSIND,2017-03-16,874.9000244140625,889.8499755859375,873.9000244140625,886.9500122070312,636602,,NSE
CUMMINSIND,2017-03-17,878.5499877929688,901.0,878.5499877929688,894.0999755859375,610130,,NSE
CUMMINSIND,2017-03-20,894.0999755859375,915.0499877929688,894.0999755859375,906.8499755859375,427180,,NSE
CUMMINSIND,2017-03-21,909.4500122070312,913.9500122070312,892.0,899.75,276821,,NSE
CUMMINSIND,2017-03-22,895.0,908.0,882.5999755859375,902.6500244140625,155870,,NSE
CUMMINSIND,2017-03-23,904.0,913.4500122070312,902.0999755859375,908.25,170139,,NSE
CUMMINSIND,2017-03-24,910.0,929.9000244140625,910.0,924.25,455463,,NSE
CUMMINSIND,2017-03-27,939.0,942.6500244140625,921.0,927.2000122070312,316175,,NSE
CUMMINSIND,2017-03-28,928.9000244140625,944.0499877929688,923.4500122070312,937.1500244140625,362155,,NSE
CUMMINSIND,2017-03-29,938.1500244140625,950.9000244140625,928.25,932.9500122070312,188606,,NSE
CUMMINSIND,2017-03-30,934.25,944.5999755859375,934.2000122070312,940.4000244140625,146053,,NSE
CUMMINSIND,2017-03-31,941.9000244140625,959.7000122070312,940.5999755859375,949.4500122070312,295036,,NSE
CUMMINSIND,2017-04-03,950.3499755859375,964.3499755859375,940.2000122070312,961.5499877929688,142331,,NSE
CUMMINSIND,2017-04-05,964.0,972.9500122070312,952.5999755859375,968.75,198261,,NSE
CUMMINSIND,2017-04-06,965.0,973.0499877929688,955.0,959.2000122070312,105340,,NSE
CUMMINSIND,2017-04-07,961.0,978.7999877929688,956.7999877929688,966.8499755859375,377306,,NSE
CUMMINSIND,2017-04-10,961.5,987.7999877929688,960.25,979.25,343193,,NSE
CUMMINSIND,2017-04-11,985.0,985.0,974.0,980.9500122070312,215701,,NSE
CUMMINSIND,2017-04-12,976.0,991.2000122070312,963.5999755859375,986.25,285283,,NSE
CUMMINSIND,2017-04-13,981.0499877929688,1003.0,965.0,978.3499755859375,342989,,NSE
CUMMINSIND,2017-04-17,976.0,976.0,957.0,959.2000122070312,91015,,NSE
CUMMINSIND,2017-04-18,960.2000122070312,972.0,933.9500122070312,938.3499755859375,179798,,NSE
CUMMINSIND,2017-04-19,939.4000244140625,956.9500122070312,937.7000122070312,948.9500122070312,131152,,NSE
CUMMINSIND,2017-04-20,947.0,952.9500122070312,940.0999755859375,944.1500244140625,121393,,NSE
CUMMINSIND,2017-04-21,945.7000122070312,979.7999877929688,945.5499877929688,969.1500244140625,234185,,NSE
CUMMINSIND,2017-04-24,976.5,984.5,965.0999755859375,971.1500244140625,199887,,NSE
CUMMINSIND,2017-04-25,979.4500122070312,984.5,955.2999877929688,968.75,243152,,NSE
CUMMINSIND,2017-04-26,969.0,1028.949951171875,969.0,1011.6500244140625,523542,,NSE
CUMMINSIND,2017-04-27,1014.0,1031.0,995.0999755859375,1017.0,239112,,NSE
CUMMINSIND,2017-04-28,1016.9000244140625,1016.9000244140625,987.0999755859375,997.0,225698,,NSE
CUMMINSIND,2017-05-02,1011.0,1015.7999877929688,992.0,1001.3499755859375,178802,,NSE
CUMMINSIND,2017-05-03,1045.0,1096.800048828125,1030.0,1054.5999755859375,1816244,,NSE
CUMMINSIND,2017-05-04,1054.25,1081.800048828125,1054.25,1060.6500244140625,299253,,NSE
CUMMINSIND,2017-05-05,1057.0,1057.949951171875,1008.0,1031.0,211006,,NSE
CUMMINSIND,2017-05-08,1051.5999755859375,1064.75,1035.25,1050.0,188182,,NSE
CUMMINSIND,2017-05-09,1055.0,1082.8499755859375,1053.6500244140625,1065.8499755859375,355984,,NSE
CUMMINSIND,2017-05-10,1076.0,1076.0,1058.0,1063.0,121605,,NSE
CUMMINSIND,2017-05-11,1065.0999755859375,1069.699951171875,1045.0,1048.4000244140625,99137,,NSE
CUMMINSIND,2017-05-12,1052.6500244140625,1078.0,1037.949951171875,1052.25,240925,,NSE
CUMMINSIND,2017-05-15,1068.0,1070.9000244140625,1046.75,1066.050048828125,145671,,NSE
CUMMINSIND,2017-05-16,1066.199951171875,1068.949951171875,1042.0,1047.75,176596,,NSE
CUMMINSIND,2017-05-17,1047.75,1052.949951171875,1010.1500244140625,1016.4500122070312,261366,,NSE
CUMMINSIND,2017-05-18,1010.0,1070.0,982.0499877929688,1054.449951171875,984418,,NSE
CUMMINSIND,2017-05-19,1015.0,1015.0,932.5499877929688,972.9500122070312,2807183,,NSE
CUMMINSIND,2017-05-22,980.0,980.0,907.7999877929688,930.7999877929688,1380001,,NSE
CUMMINSIND,2017-05-23,921.0,939.7000122070312,884.5499877929688,926.2000122070312,783589,,NSE
CUMMINSIND,2017-05-24,930.0,934.9500122070312,908.0,914.7999877929688,323044,,NSE
CUMMINSIND,2017-05-25,927.5,928.8499755859375,898.25,925.0499877929688,574618,,NSE
CUMMINSIND,2017-05-26,940.0,956.3499755859375,923.1500244140625,949.9500122070312,314033,,NSE
CUMMINSIND,2017-05-29,949.0,956.75,931.5499877929688,936.0,204901,,NSE
CUMMINSIND,2017-05-30,930.0,950.0,918.0,931.4500122070312,266113,,NSE
CUMMINSIND,2017-05-31,945.0,954.4000244140625,931.5,941.4000244140625,216181,,NSE
CUMMINSIND,2017-06-01,944.9500122070312,945.0,915.0,925.0999755859375,183427,,NSE
CUMMINSIND,2017-06-02,928.0,959.0,924.25,943.2000122070312,329563,,NSE
CUMMINSIND,2017-06-05,944.9000244140625,946.9000244140625,928.2000122070312,932.7000122070312,149617,,NSE
CUMMINSIND,2017-06-06,935.0,935.4000244140625,911.75,914.6500244140625,148737,,NSE
CUMMINSIND,2017-06-07,911.0,918.8499755859375,907.2999877929688,912.25,465138,,NSE
CUMMINSIND,2017-06-08,907.2999877929688,925.2999877929688,906.9500122070312,919.9000244140625,191004,,NSE
CUMMINSIND,2017-06-09,925.9000244140625,927.0,911.0499877929688,917.2999877929688,130979,,NSE
CUMMINSIND,2017-06-12,919.25,919.25,888.0,898.2000122070312,281253,,NSE
CUMMINSIND,2017-06-13,899.0,922.4000244140625,898.0,913.0499877929688,162355,,NSE
CUMMINSIND,2017-06-14,920.0,926.0,896.0,919.75,1347853,,NSE
CUMMINSIND,2017-06-15,919.0999755859375,928.5999755859375,905.5,914.2000122070312,195197,,NSE
CUMMINSIND,2017-06-16,921.4000244140625,923.2000122070312,911.0,920.2000122070312,385648,,NSE
CUMMINSIND,2017-06-19,924.0,942.5499877929688,922.0,932.2000122070312,263812,,NSE
CUMMINSIND,2017-06-20,938.0,938.0,920.0,922.9500122070312,73319,,NSE
CUMMINSIND,2017-06-21,921.9500122070312,932.4000244140625,908.5499877929688,912.9000244140625,110436,,NSE
CUMMINSIND,2017-06-22,908.0499877929688,922.0,899.0,903.0,110871,,NSE
CUMMINSIND,2017-06-23,901.2000122070312,912.9000244140625,901.2000122070312,907.9000244140625,112408,,NSE
CUMMINSIND,2017-06-27,919.0,919.0,898.0999755859375,910.0999755859375,279070,,NSE
CUMMINSIND,2017-06-28,901.2000122070312,916.0,901.2000122070312,912.6500244140625,177886,,NSE
CUMMINSIND,2017-06-29,912.6500244140625,930.9000244140625,902.2999877929688,907.5999755859375,224971,,NSE
CUMMINSIND,2017-06-30,906.5,944.0,893.0499877929688,919.75,309608,,NSE
CUMMINSIND,2017-07-03,915.0,919.7000122070312,901.0999755859375,912.0,332443,,NSE
CUMMINSIND,2017-07-04,907.0999755859375,922.2999877929688,907.0999755859375,913.4500122070312,141367,,NSE
CUMMINSIND,2017-07-05,913.5,922.0,908.1500244140625,913.7000122070312,122148,,NSE
CUMMINSIND,2017-07-06,919.9500122070312,923.5,905.0,914.0499877929688,338874,,NSE
CUMMINSIND,2017-07-07,910.0,920.0,906.2999877929688,909.3499755859375,417745,,NSE
CUMMINSIND,2017-07-10,911.0,918.0,908.9500122070312,912.5499877929688,44332,,NSE
CUMMINSIND,2017-07-11,911.0,919.0,904.0,908.0499877929688,696292,,NSE
CUMMINSIND,2017-07-12,907.0,914.3499755859375,904.25,911.0,208668,,NSE
CUMMINSIND,2017-07-13,911.0,933.9000244140625,911.0,931.0,162652,,NSE
CUMMINSIND,2017-07-14,938.0,945.5499877929688,927.0499877929688,935.0499877929688,238257,,NSE
CUMMINSIND,2017-07-17,927.3499755859375,940.1500244140625,925.0999755859375,936.4000244140625,69524,,NSE
CUMMINSIND,2017-07-18,935.0,941.0,930.0,935.4000244140625,100557,,NSE
CUMMINSIND,2017-07-19,935.1500244140625,968.9500122070312,933.0999755859375,966.4000244140625,339957,,NSE
CUMMINSIND,2017-07-20,970.0,977.0,962.1500244140625,974.4500122070312,525558,,NSE
CUMMINSIND,2017-07-21,974.0,1010.0,968.5,1004.6500244140625,531469,,NSE
CUMMINSIND,2017-07-24,1005.0,1039.949951171875,995.5499877929688,1028.0,506088,,NSE
CUMMINSIND,2017-07-25,1023.7999877929688,1044.0999755859375,1001.0999755859375,1005.4000244140625,474959,,NSE
CUMMINSIND,2017-07-26,1005.0,1010.0,993.4500122070312,999.8499755859375,390956,,NSE
CUMMINSIND,2017-07-27,991.0,997.0499877929688,952.7000122070312,959.5999755859375,384355,,NSE
CUMMINSIND,2017-07-28,961.0,995.7999877929688,957.4500122070312,989.9000244140625,359350,,NSE
CUMMINSIND,2017-07-31,995.7999877929688,1003.2000122070312,982.1500244140625,987.75,189836,,NSE
CUMMINSIND,2017-08-01,984.0,993.5999755859375,961.8499755859375,970.5999755859375,242615,,NSE
CUMMINSIND,2017-08-02,970.0,1011.6500244140625,969.0499877929688,992.75,876782,,NSE
CUMMINSIND,2017-08-03,998.6500244140625,1000.0,935.5,949.2999877929688,1144787,,NSE
CUMMINSIND,2017-08-04,943.7999877929688,943.7999877929688,911.0,936.5999755859375,466862,,NSE
CUMMINSIND,2017-08-07,936.5999755859375,952.9500122070312,932.0999755859375,946.1500244140625,210437,,NSE
CUMMINSIND,2017-08-08,948.0,954.0499877929688,925.5999755859375,936.2999877929688,400944,,NSE
CUMMINSIND,2017-08-09,933.0,936.0,896.5499877929688,904.3499755859375,297528,,NSE
CUMMINSIND,2017-08-10,904.0,914.4000244140625,883.0,893.0,399739,,NSE
CUMMINSIND,2017-08-11,889.0,910.9000244140625,871.0499877929688,892.0,345553,,NSE
CUMMINSIND,2017-08-14,910.0,910.0,874.5,886.7999877929688,417667,,NSE
CUMMINSIND,2017-08-16,898.6500244140625,926.9500122070312,886.7999877929688,921.0,259570,,NSE
CUMMINSIND,2017-08-17,921.0,925.0,899.1500244140625,901.5,198242,,NSE
CUMMINSIND,2017-08-18,899.0,915.8499755859375,891.25,899.0,138896,,NSE
CUMMINSIND,2017-08-21,899.0,909.9500122070312,877.0,881.5,137990,,NSE
CUMMINSIND,2017-08-22,881.0,907.4500122070312,880.9500122070312,898.5499877929688,204015,,NSE
CUMMINSIND,2017-08-23,900.0,900.1500244140625,877.5,880.75,242557,,NSE
CUMMINSIND,2017-08-24,882.0,895.9500122070312,878.5499877929688,891.8499755859375,224506,,NSE
CUMMINSIND,2017-08-28,890.9000244140625,902.0,887.0,895.25,141986,,NSE
CUMMINSIND,2017-08-29,892.0,912.0,891.0,902.25,238267,,NSE
CUMMINSIND,2017-08-30,912.2000122070312,936.0,902.5999755859375,932.7999877929688,325916,,NSE
CUMMINSIND,2017-08-31,936.0,938.2000122070312,903.6500244140625,912.5999755859375,581772,,NSE
CUMMINSIND,2017-09-01,911.0,927.5999755859375,906.0,909.75,272657,,NSE
CUMMINSIND,2017-09-04,909.9500122070312,921.7999877929688,895.9000244140625,907.9000244140625,241598,,NSE
CUMMINSIND,2017-09-05,906.0,916.75,895.0,898.7000122070312,181040,,NSE
CUMMINSIND,2017-09-06,897.0,910.0,895.2000122070312,900.3499755859375,151318,,NSE
CUMMINSIND,2017-09-07,904.9500122070312,918.7000122070312,898.3499755859375,916.25,328759,,NSE
CUMMINSIND,2017-09-08,920.0,924.9000244140625,909.0999755859375,915.0499877929688,334706,,NSE
CUMMINSIND,2017-09-11,918.0,920.6500244140625,909.5999755859375,912.1500244140625,303597,,NSE
CUMMINSIND,2017-09-12,917.6500244140625,927.0,913.0499877929688,924.7999877929688,275414,,NSE
CUMMINSIND,2017-09-13,929.0,944.7999877929688,925.0,930.8499755859375,392440,,NSE
CUMMINSIND,2017-09-14,930.9000244140625,950.0499877929688,930.9000244140625,945.5999755859375,389845,,NSE
CUMMINSIND,2017-09-15,946.0,950.0,932.2000122070312,938.5499877929688,244407,,NSE
CUMMINSIND,2017-09-18,944.0,952.7000122070312,941.0499877929688,943.7000122070312,138080,,NSE
CUMMINSIND,2017-09-19,944.0,949.0,931.0999755859375,933.4000244140625,194696,,NSE
CUMMINSIND,2017-09-20,933.4000244140625,940.1500244140625,922.0,926.9500122070312,152886,,NSE
CUMMINSIND,2017-09-21,923.0999755859375,931.2999877929688,913.25,917.75,128084,,NSE
CUMMINSIND,2017-09-22,914.0,923.4000244140625,889.75,894.4500122070312,228607,,NSE
CUMMINSIND,2017-09-25,894.4500122070312,906.3499755859375,875.0999755859375,895.9000244140625,451353,,NSE
CUMMINSIND,2017-09-26,895.0,927.5,894.7999877929688,915.7999877929688,351068,,NSE
CUMMINSIND,2017-09-27,919.0,933.5999755859375,904.0,907.5,239242,,NSE
CUMMINSIND,2017-09-28,909.0,912.2999877929688,885.0999755859375,894.2000122070312,144142,,NSE
CUMMINSIND,2017-09-29,897.0,931.0,897.0,924.3499755859375,270483,,NSE
CUMMINSIND,2017-10-03,933.0,946.4000244140625,918.9500122070312,929.5499877929688,447689,,NSE
CUMMINSIND,2017-10-04,929.0,930.7999877929688,920.0,924.5999755859375,166010,,NSE
CUMMINSIND,2017-10-05,931.0,931.9000244140625,916.0,919.8499755859375,108980,,NSE
CUMMINSIND,2017-10-06,928.5499877929688,928.5499877929688,908.0499877929688,910.6500244140625,146702,,NSE
CUMMINSIND,2017-10-09,915.0,923.6500244140625,906.0,908.5499877929688,170481,,NSE
CUMMINSIND,2017-10-10,905.0,915.0,902.0,906.8499755859375,358594,,NSE
CUMMINSIND,2017-10-11,908.7999877929688,912.6500244140625,886.2000122070312,890.5499877929688,162726,,NSE
CUMMINSIND,2017-10-12,888.5499877929688,902.0,880.0,898.2000122070312,378787,,NSE
CUMMINSIND,2017-10-13,910.0,923.9000244140625,901.0,906.7000122070312,379474,,NSE
CUMMINSIND,2017-10-16,904.2000122070312,913.5,895.0,898.5499877929688,170662,,NSE
CUMMINSIND,2017-10-17,900.0,901.7999877929688,889.9000244140625,893.2000122070312,175763,,NSE
CUMMINSIND,2017-10-18,889.0,895.5,885.0499877929688,889.0499877929688,178478,,NSE
CUMMINSIND,2017-10-19,895.0,898.0,885.0,891.5999755859375,26358,,NSE
CUMMINSIND,2017-10-23,891.5999755859375,901.9000244140625,887.4500122070312,898.2000122070312,265688,,NSE
CUMMINSIND,2017-10-24,905.0,908.7999877929688,892.75,895.2999877929688,183690,,NSE
CUMMINSIND,2017-10-25,900.0,925.0,892.1500244140625,918.8499755859375,313454,,NSE
CUMMINSIND,2017-10-26,921.4500122070312,927.9000244140625,902.8499755859375,907.7000122070312,331589,,NSE
CUMMINSIND,2017-10-27,893.0,933.1500244140625,871.3499755859375,912.0,1200329,,NSE
CUMMINSIND,2017-10-30,907.0999755859375,923.6500244140625,907.0999755859375,911.7999877929688,264074,,NSE
CUMMINSIND,2017-10-31,912.0,915.0,900.0499877929688,905.1500244140625,435092,,NSE
CUMMINSIND,2017-11-01,905.0,909.0,891.75,895.0,191956,,NSE
CUMMINSIND,2017-11-02,903.0,908.7999877929688,892.3499755859375,897.0499877929688,411773,,NSE
CUMMINSIND,2017-11-03,899.0,907.9000244140625,897.0,904.5,317017,,NSE
CUMMINSIND,2017-11-06,901.0,907.0,897.5499877929688,902.5999755859375,321624,,NSE
CUMMINSIND,2017-11-07,908.0,912.0,885.0,887.3499755859375,299440,,NSE
CUMMINSIND,2017-11-08,886.0,893.5499877929688,876.5,879.9000244140625,217832,,NSE
CUMMINSIND,2017-11-09,883.0,883.5,862.0,874.8499755859375,464858,,NSE
CUMMINSIND,2017-11-10,874.9500122070312,878.8499755859375,869.5499877929688,872.5,637026,,NSE
CUMMINSIND,2017-11-13,874.9000244140625,877.9500122070312,857.0999755859375,859.7000122070312,279911,,NSE
CUMMINSIND,2017-11-14,855.4000244140625,859.5,843.1500244140625,846.6500244140625,312248,,NSE
CUMMINSIND,2017-11-15,841.0,864.0,841.0,852.25,339063,,NSE
CUMMINSIND,2017-11-16,848.5,860.0,847.0499877929688,850.4500122070312,655309,,NSE
CUMMINSIND,2017-11-17,856.5,860.0,850.5499877929688,856.0999755859375,532990,,NSE
CUMMINSIND,2017-11-20,860.0,862.0499877929688,854.25,855.7000122070312,224948,,NSE
CUMMINSIND,2017-11-21,857.0,860.0,847.5999755859375,850.0499877929688,260946,,NSE
CUMMINSIND,2017-11-22,854.9000244140625,870.0,848.6500244140625,867.5999755859375,339137,,NSE
CUMMINSIND,2017-11-23,864.0,868.0,855.0,857.2000122070312,183911,,NSE
CUMMINSIND,2017-11-24,860.9000244140625,867.9000244140625,857.0,862.0,178370,,NSE
CUMMINSIND,2017-11-27,853.0499877929688,867.0,853.0499877929688,860.5,110343,,NSE
CUMMINSIND,2017-11-28,860.5,867.9000244140625,856.4500122070312,864.0499877929688,115615,,NSE
CUMMINSIND,2017-11-29,864.4000244140625,872.6500244140625,864.0,866.1500244140625,278068,,NSE
CUMMINSIND,2017-11-30,864.4000244140625,871.9500122070312,857.4000244140625,867.6500244140625,140342,,NSE
CUMMINSIND,2017-12-01,866.9500122070312,878.9000244140625,839.0499877929688,843.5499877929688,341889,,NSE
CUMMINSIND,2017-12-04,845.0,862.4000244140625,841.2000122070312,858.9500122070312,163785,,NSE
CUMMINSIND,2017-12-05,858.7000122070312,874.4500122070312,851.0499877929688,869.8499755859375,368478,,NSE
CUMMINSIND,2017-12-06,864.75,876.0,852.3499755859375,859.4000244140625,296453,,NSE
CUMMINSIND,2017-12-07,860.1500244140625,872.0,860.1500244140625,867.0499877929688,44801,,NSE
CUMMINSIND,2017-12-08,873.9000244140625,873.9000244140625,855.7999877929688,858.0499877929688,191947,,NSE
CUMMINSIND,2017-12-11,859.25,864.9000244140625,852.2000122070312,857.5499877929688,71775,,NSE
CUMMINSIND,2017-12-12,854.0499877929688,860.0,848.9000244140625,850.25,32325,,NSE
CUMMINSIND,2017-12-13,851.9000244140625,851.9000244140625,836.0,846.2999877929688,133542,,NSE
CUMMINSIND,2017-12-14,846.2999877929688,851.0,839.0999755859375,844.25,214424,,NSE
CUMMINSIND,2017-12-15,845.0,855.5499877929688,841.25,842.9000244140625,151812,,NSE
CUMMINSIND,2017-12-18,842.9000244140625,854.0,826.0,850.7999877929688,221049,,NSE
CUMMINSIND,2017-12-19,854.7000122070312,858.9500122070312,852.1500244140625,855.8499755859375,129964,,NSE
CUMMINSIND,2017-12-20,869.5,877.5,861.75,871.5,214120,,NSE
CUMMINSIND,2017-12-21,874.0,901.0,870.0,881.2999877929688,491170,,NSE
CUMMINSIND,2017-12-22,877.5999755859375,893.7000122070312,873.0,877.1500244140625,132377,,NSE
CUMMINSIND,2017-12-26,879.9500122070312,954.0,879.9500122070312,925.6500244140625,2272503,,NSE
CUMMINSIND,2017-12-27,921.0,936.5,910.2999877929688,919.5499877929688,398475,,NSE
CUMMINSIND,2017-12-28,924.4000244140625,929.4000244140625,902.8499755859375,913.0499877929688,533797,,NSE
CUMMINSIND,2017-12-29,920.5999755859375,924.7000122070312,899.0,901.9000244140625,340311,,NSE
CUMMINSIND,2018-01-01,905.9000244140625,927.5499877929688,905.9000244140625,913.0499877929688,339746,,NSE
CUMMINSIND,2018-01-02,913.5999755859375,926.0,907.2000122070312,922.2999877929688,338319,,NSE
CUMMINSIND,2018-01-03,926.0,938.8499755859375,925.9500122070312,931.3499755859375,414585,,NSE
CUMMINSIND,2018-01-04,939.4000244140625,984.0,931.0,972.9500122070312,1030993,,NSE
CUMMINSIND,2018-01-05,979.0,979.0,950.5,957.2000122070312,275586,,NSE
CUMMINSIND,2018-01-08,958.5,963.4500122070312,952.8499755859375,957.5499877929688,270149,,NSE
CUMMINSIND,2018-01-09,956.0,959.9000244140625,931.7999877929688,934.2999877929688,269509,,NSE
CUMMINSIND,2018-01-10,934.0,939.4500122070312,915.0,925.4000244140625,363308,,NSE
CUMMINSIND,2018-01-11,925.0499877929688,941.0,920.25,936.7000122070312,342355,,NSE
CUMMINSIND,2018-01-12,943.0,946.7999877929688,935.2999877929688,941.9000244140625,419434,,NSE
CUMMINSIND,2018-01-15,941.9000244140625,945.0,930.5,935.9500122070312,347522,,NSE
CUMMINSIND,2018-01-16,936.0499877929688,945.3499755859375,925.1500244140625,935.9000244140625,226349,,NSE
CUMMINSIND,2018-01-17,934.0,940.0499877929688,910.25,932.6500244140625,198038,,NSE
CUMMINSIND,2018-01-18,934.0,939.5,900.0499877929688,906.2000122070312,692992,,NSE
CUMMINSIND,2018-01-19,909.0,911.0999755859375,893.0,903.2999877929688,200329,,NSE
CUMMINSIND,2018-01-22,903.2999877929688,919.9500122070312,903.0,913.7000122070312,364007,,NSE
CUMMINSIND,2018-01-23,919.0,923.4000244140625,905.4000244140625,910.2000122070312,308058,,NSE
CUMMINSIND,2018-01-24,908.0,920.9000244140625,905.0499877929688,911.3499755859375,282385,,NSE
CUMMINSIND,2018-01-25,906.5,925.0,906.5,911.0999755859375,486695,,NSE
CUMMINSIND,2018-01-29,911.0999755859375,920.9500122070312,893.0,897.2000122070312,122578,,NSE
CUMMINSIND,2018-01-30,900.2999877929688,918.5,894.5499877929688,909.2000122070312,301583,,NSE
CUMMINSIND,2018-01-31,910.0,924.4000244140625,900.0499877929688,903.9000244140625,212326,,NSE
CUMMINSIND,2018-02-01,902.4500122070312,908.9000244140625,886.2000122070312,903.0499877929688,411736,,NSE
CUMMINSIND,2018-02-02,889.1500244140625,889.1500244140625,799.0999755859375,829.2000122070312,1849800,,NSE
CUMMINSIND,2018-02-05,812.0,823.7000122070312,787.4500122070312,807.0,821469,,NSE
CUMMINSIND,2018-02-06,780.0,816.5999755859375,761.0,809.7999877929688,252213,,NSE
CUMMINSIND,2018-02-07,819.0,825.3499755859375,813.0499877929688,818.4500122070312,124798,,NSE
CUMMINSIND,2018-02-08,820.0,842.0,815.0,839.5999755859375,156840,,NSE
CUMMINSIND,2018-02-09,825.0,836.3499755859375,815.0,824.4500122070312,150859,,NSE
CUMMINSIND,2018-02-12,828.0,849.7000122070312,828.0,845.0,117316,,NSE
CUMMINSIND,2018-02-14,845.7000122070312,851.0,839.0,840.4500122070312,135968,,NSE
CUMMINSIND,2018-02-15,839.5,854.8499755859375,835.0499877929688,842.0999755859375,310692,,NSE
CUMMINSIND,2018-02-16,842.0999755859375,857.4500122070312,835.5499877929688,849.9000244140625,137030,,NSE
CUMMINSIND,2018-02-19,852.0,853.5999755859375,835.0499877929688,844.2000122070312,58054,,NSE
CUMMINSIND,2018-02-20,843.5999755859375,862.4500122070312,837.7000122070312,850.0,185077,,NSE
CUMMINSIND,2018-02-21,856.0,856.0,838.0,842.8499755859375,67869,,NSE
CUMMINSIND,2018-02-22,838.0499877929688,839.0999755859375,812.25,816.9500122070312,262378,,NSE
CUMMINSIND,2018-02-23,817.0,831.9500122070312,814.4000244140625,820.2999877929688,190266,,NSE
CUMMINSIND,2018-02-26,816.5499877929688,834.2000122070312,816.5499877929688,820.7999877929688,93228,,NSE
CUMMINSIND,2018-02-27,821.5,829.9500122070312,802.0999755859375,808.4500122070312,194326,,NSE
CUMMINSIND,2018-02-28,810.3499755859375,810.3499755859375,792.4500122070312,795.9500122070312,538592,,NSE
CUMMINSIND,2018-03-01,797.25,811.2000122070312,794.1500244140625,804.0999755859375,444246,,NSE
CUMMINSIND,2018-03-05,803.0,807.9000244140625,793.2999877929688,797.4000244140625,208916,,NSE
CUMMINSIND,2018-03-06,799.9500122070312,804.6500244140625,783.0,786.7999877929688,134102,,NSE
CUMMINSIND,2018-03-07,791.7999877929688,793.8499755859375,767.7999877929688,778.5999755859375,123864,,NSE
CUMMINSIND,2018-03-08,777.5,789.7999877929688,774.5,783.4000244140625,557151,,NSE
CUMMINSIND,2018-03-09,788.0,788.0,774.0,776.75,85237,,NSE
CUMMINSIND,2018-03-12,781.0,783.4000244140625,771.1500244140625,776.2000122070312,107217,,NSE
CUMMINSIND,2018-03-13,775.9000244140625,785.0,768.25,773.75,257696,,NSE
CUMMINSIND,2018-03-14,769.7999877929688,785.0,755.7000122070312,777.1500244140625,458963,,NSE
CUMMINSIND,2018-03-15,785.0,790.0,773.5499877929688,783.0,189472,,NSE
CUMMINSIND,2018-03-16,786.9000244140625,788.5,763.2000122070312,765.6500244140625,263162,,NSE
CUMMINSIND,2018-03-19,768.0499877929688,771.0999755859375,747.0499877929688,755.1500244140625,231290,,NSE
CUMMINSIND,2018-03-20,750.0,760.5499877929688,738.4500122070312,744.7000122070312,376615,,NSE
CUMMINSIND,2018-03-21,745.0,754.4500122070312,737.8499755859375,742.7999877929688,205736,,NSE
CUMMINSIND,2018-03-22,747.4000244140625,747.4000244140625,727.5499877929688,732.9500122070312,497158,,NSE
CUMMINSIND,2018-03-23,725.0,737.0,714.5499877929688,733.7000122070312,323008,,NSE
CUMMINSIND,2018-03-26,736.0,739.2000122070312,728.5999755859375,736.6500244140625,103186,,NSE
CUMMINSIND,2018-03-27,740.0,750.25,705.5,711.7999877929688,1216365,,NSE
CUMMINSIND,2018-03-28,710.0,724.3499755859375,680.6500244140625,700.25,1554797,,NSE
CUMMINSIND,2018-04-02,705.5,719.2999877929688,701.0499877929688,715.9500122070312,247079,,NSE
CUMMINSIND,2018-04-03,714.0,745.4000244140625,711.5,740.2000122070312,361916,,NSE
CUMMINSIND,2018-04-04,744.0,754.4000244140625,731.9500122070312,735.3499755859375,428216,,NSE
CUMMINSIND,2018-04-05,736.8499755859375,749.7000122070312,730.0,744.0499877929688,372017,,NSE
CUMMINSIND,2018-04-06,745.5,771.0,739.2000122070312,768.6500244140625,682950,,NSE
CUMMINSIND,2018-04-09,762.0,774.7000122070312,746.4000244140625,750.3499755859375,271035,,NSE
CUMMINSIND,2018-04-10,758.0,763.0,751.6500244140625,756.0,145219,,NSE
CUMMINSIND,2018-04-11,758.9000244140625,766.0999755859375,751.0,761.4500122070312,198592,,NSE
CUMMINSIND,2018-04-12,762.0,765.5,744.0,746.8499755859375,146912,,NSE
CUMMINSIND,2018-04-13,750.0,750.9000244140625,728.0,731.3499755859375,382922,,NSE
CUMMINSIND,2018-04-16,731.0,731.0499877929688,719.0,725.0499877929688,500405,,NSE
CUMMINSIND,2018-04-17,727.0,729.5,713.5999755859375,724.75,435048,,NSE
CUMMINSIND,2018-04-18,724.0,738.0999755859375,723.0,730.4000244140625,446868,,NSE
CUMMINSIND,2018-04-19,730.4000244140625,738.6500244140625,720.4500122070312,736.7000122070312,588096,,NSE
CUMMINSIND,2018-04-20,741.9000244140625,758.7000122070312,731.2000122070312,752.5,620878,,NSE
CUMMINSIND,2018-04-23,753.0,753.0,732.0,735.5499877929688,796666,,NSE
CUMMINSIND,2018-04-24,737.0,754.7000122070312,735.5499877929688,741.3499755859375,393580,,NSE
CUMMINSIND,2018-04-25,738.0,758.0,736.8499755859375,744.6500244140625,516313,,NSE
CUMMINSIND,2018-04-26,747.9000244140625,753.2000122070312,738.0499877929688,745.9000244140625,1533356,,NSE
CUMMINSIND,2018-04-27,754.9000244140625,767.0,750.2000122070312,760.25,424688,,NSE
CUMMINSIND,2018-04-30,764.4500122070312,773.0499877929688,754.7999877929688,769.5,221904,,NSE
CUMMINSIND,2018-05-02,770.7000122070312,777.75,735.0,744.25,314523,,NSE
CUMMINSIND,2018-05-03,744.0,762.4500122070312,728.0999755859375,751.7000122070312,332491,,NSE
CUMMINSIND,2018-05-04,745.5999755859375,765.4500122070312,745.5999755859375,752.3499755859375,175642,,NSE
CUMMINSIND,2018-05-07,760.9000244140625,763.9500122070312,746.9000244140625,761.4000244140625,306413,,NSE
CUMMINSIND,2018-05-08,762.0999755859375,791.2999877929688,756.0999755859375,760.2999877929688,685328,,NSE
CUMMINSIND,2018-05-09,761.0,778.7000122070312,755.5499877929688,775.25,273652,,NSE
CUMMINSIND,2018-05-10,772.9000244140625,786.5,757.1500244140625,778.1500244140625,402267,,NSE
CUMMINSIND,2018-05-11,778.9500122070312,781.6500244140625,765.1500244140625,775.0499877929688,349147,,NSE
CUMMINSIND,2018-05-14,776.0,780.0,758.5499877929688,765.7000122070312,141296,,NSE
CUMMINSIND,2018-05-15,758.0,769.7999877929688,722.0999755859375,739.2999877929688,425589,,NSE
CUMMINSIND,2018-05-16,739.2999877929688,741.5999755859375,726.0999755859375,734.2000122070312,269443,,NSE
CUMMINSIND,2018-05-17,733.9500122070312,746.8499755859375,733.9500122070312,744.7999877929688,167410,,NSE
CUMMINSIND,2018-05-18,742.0999755859375,747.0,732.2000122070312,733.3499755859375,211793,,NSE
CUMMINSIND,2018-05-21,734.0,745.7000122070312,723.6500244140625,739.6500244140625,334718,,NSE
CUMMINSIND,2018-05-22,738.8499755859375,747.9000244140625,731.0,741.0999755859375,581414,,NSE
CUMMINSIND,2018-05-23,741.1500244140625,747.0,735.5,737.5499877929688,169537,,NSE
CUMMINSIND,2018-05-24,737.0,746.8499755859375,710.0,719.8499755859375,578180,,NSE
CUMMINSIND,2018-05-25,709.7999877929688,720.1500244140625,696.25,701.7999877929688,1564665,,NSE
CUMMINSIND,2018-05-28,704.5,719.25,704.5,709.9500122070312,795063,,NSE
CUMMINSIND,2018-05-29,708.0,727.0,702.2000122070312,710.3499755859375,551135,,NSE
CUMMINSIND,2018-05-30,710.0,715.0,705.0,708.0499877929688,218778,,NSE
CUMMINSIND,2018-05-31,714.8499755859375,718.25,699.0499877929688,701.3499755859375,616972,,NSE
CUMMINSIND,2018-06-01,700.0999755859375,710.6500244140625,682.0,684.1500244140625,420439,,NSE
CUMMINSIND,2018-06-04,680.0,688.4000244140625,663.0,682.25,784074,,NSE
CUMMINSIND,2018-06-05,680.2999877929688,695.0999755859375,674.4000244140625,676.1500244140625,294399,,NSE
CUMMINSIND,2018-06-06,679.0,685.0,673.7999877929688,679.5499877929688,163672,,NSE
CUMMINSIND,2018-06-07,680.7999877929688,686.7000122070312,676.0,679.25,173445,,NSE
CUMMINSIND,2018-06-08,679.2000122070312,697.0999755859375,676.0,690.9000244140625,154321,,NSE
CUMMINSIND,2018-06-11,697.25,697.25,679.0,680.9500122070312,151465,,NSE
CUMMINSIND,2018-06-12,684.0,690.75,678.5999755859375,683.7000122070312,404093,,NSE
CUMMINSIND,2018-06-13,688.7999877929688,695.6500244140625,682.0499877929688,684.25,166683,,NSE
CUMMINSIND,2018-06-14,688.0,691.0,680.25,688.9000244140625,122285,,NSE
CUMMINSIND,2018-06-15,694.7999877929688,698.3499755859375,681.75,687.2999877929688,288011,,NSE
CUMMINSIND,2018-06-18,687.2999877929688,690.9500122070312,669.9000244140625,671.1500244140625,199885,,NSE
CUMMINSIND,2018-06-19,666.0999755859375,683.0,663.6500244140625,678.0999755859375,260164,,NSE
CUMMINSIND,2018-06-20,680.0999755859375,680.4500122070312,665.0,668.4000244140625,168237,,NSE
CUMMINSIND,2018-06-21,676.4500122070312,685.4500122070312,674.0,679.1500244140625,338538,,NSE
CUMMINSIND,2018-06-22,682.0,685.0,667.0999755859375,669.0499877929688,229251,,NSE
CUMMINSIND,2018-06-25,666.7000122070312,672.4500122070312,658.0,670.2000122070312,244811,,NSE
CUMMINSIND,2018-06-26,666.7000122070312,675.0,661.0,666.75,205654,,NSE
CUMMINSIND,2018-06-27,663.0499877929688,668.8499755859375,655.0,659.5,283320,,NSE
CUMMINSIND,2018-06-28,655.0,660.9000244140625,632.9500122070312,647.4500122070312,525574,,NSE
CUMMINSIND,2018-06-29,652.0,657.5,636.0999755859375,647.6500244140625,366363,,NSE
CUMMINSIND,2018-07-02,647.6500244140625,663.2999877929688,640.0,659.4000244140625,148821,,NSE
CUMMINSIND,2018-07-03,657.9000244140625,668.4000244140625,648.0499877929688,654.5999755859375,181542,,NSE
CUMMINSIND,2018-07-04,658.0,659.5,648.6500244140625,650.6500244140625,53316,,NSE
CUMMINSIND,2018-07-05,649.0,662.0,644.2000122070312,656.0999755859375,75106,,NSE
CUMMINSIND,2018-07-06,660.0,667.9000244140625,656.2000122070312,660.2999877929688,94657,,NSE
CUMMINSIND,2018-07-09,667.8499755859375,669.9500122070312,653.0,655.0499877929688,78552,,NSE
CUMMINSIND,2018-07-10,659.9000244140625,674.5999755859375,658.0,671.25,132505,,NSE
CUMMINSIND,2018-07-11,671.0,685.5499877929688,663.1500244140625,666.5,359407,,NSE
CUMMINSIND,2018-07-12,666.5,671.2000122070312,653.8499755859375,656.0499877929688,106181,,NSE
CUMMINSIND,2018-07-13,660.9500122070312,660.9500122070312,645.0,647.4500122070312,63267,,NSE
CUMMINSIND,2018-07-16,647.0499877929688,647.4000244140625,621.5,624.4000244140625,321830,,NSE
CUMMINSIND,2018-07-17,621.0,631.0,613.2000122070312,628.7999877929688,395721,,NSE
CUMMINSIND,2018-07-18,634.4000244140625,645.0,627.2999877929688,637.9500122070312,184198,,NSE
CUMMINSIND,2018-07-19,635.0499877929688,644.7999877929688,635.0499877929688,637.7999877929688,80697,,NSE
CUMMINSIND,2018-07-20,640.0,646.2999877929688,628.25,632.2999877929688,205754,,NSE
CUMMINSIND,2018-07-23,630.2999877929688,644.4500122070312,630.0,636.0499877929688,143448,,NSE
CUMMINSIND,2018-07-24,639.9000244140625,675.0,637.5499877929688,670.1500244140625,241361,,NSE
CUMMINSIND,2018-07-25,671.0499877929688,678.0,661.0999755859375,669.9500122070312,239761,,NSE
CUMMINSIND,2018-07-26,676.9500122070312,688.5,655.0,675.75,397236,,NSE
CUMMINSIND,2018-07-27,675.0,695.3499755859375,670.0499877929688,679.5999755859375,195111,,NSE
CUMMINSIND,2018-07-30,682.0,685.7000122070312,672.7999877929688,679.6500244140625,95640,,NSE
CUMMINSIND,2018-07-31,682.0,687.8499755859375,664.2999877929688,673.5,151007,,NSE
CUMMINSIND,2018-08-01,680.0,681.0,666.0,668.2000122070312,597273,,NSE
CUMMINSIND,2018-08-02,662.0,672.9500122070312,655.5,661.25,428915,,NSE
CUMMINSIND,2018-08-03,662.0999755859375,708.0,662.0999755859375,703.2999877929688,990578,,NSE
CUMMINSIND,2018-08-06,710.0,716.9000244140625,692.25,696.2000122070312,453712,,NSE
CUMMINSIND,2018-08-07,696.2000122070312,703.0,680.25,682.7000122070312,271824,,NSE
CUMMINSIND,2018-08-08,686.4000244140625,690.0,675.2999877929688,679.9500122070312,134777,,NSE
CUMMINSIND,2018-08-09,675.2000122070312,709.0,645.0499877929688,653.0,2092865,,NSE
CUMMINSIND,2018-08-10,653.0,669.4000244140625,646.4500122070312,653.3499755859375,709110,,NSE
CUMMINSIND,2018-08-13,653.3499755859375,675.5,646.0,671.0,503524,,NSE
CUMMINSIND,2018-08-14,675.0,684.9000244140625,666.0,672.5,542516,,NSE
CUMMINSIND,2018-08-16,672.5,674.8499755859375,666.0,669.1500244140625,216801,,NSE
CUMMINSIND,2018-08-17,675.0999755859375,682.0,669.1500244140625,677.7000122070312,293323,,NSE
CUMMINSIND,2018-08-20,681.7999877929688,714.5,679.8499755859375,708.5999755859375,781297,,NSE
CUMMINSIND,2018-08-21,714.0,759.9000244140625,713.75,752.1500244140625,2905458,,NSE
CUMMINSIND,2018-08-23,755.0999755859375,784.9000244140625,746.1500244140625,770.0999755859375,1264605,,NSE
CUMMINSIND,2018-08-24,766.9500122070312,777.5999755859375,756.0,762.2000122070312,582573,,NSE
CUMMINSIND,2018-08-27,763.0,782.25,762.25,772.5,540967,,NSE
CUMMINSIND,2018-08-28,776.4000244140625,790.0,762.0,779.9500122070312,864266,,NSE
CUMMINSIND,2018-08-29,779.7999877929688,785.2000122070312,768.0999755859375,776.7999877929688,552195,,NSE
CUMMINSIND,2018-08-30,779.4000244140625,781.2999877929688,770.2000122070312,777.8499755859375,390889,,NSE
CUMMINSIND,2018-08-31,777.0,786.5,765.0,768.1500244140625,457419,,NSE
CUMMINSIND,2018-09-03,773.9000244140625,773.9000244140625,754.5499877929688,760.5999755859375,422511,,NSE
CUMMINSIND,2018-09-04,761.5999755859375,763.5499877929688,734.0499877929688,740.5499877929688,380526,,NSE
CUMMINSIND,2018-09-05,738.4000244140625,749.75,728.4500122070312,744.5499877929688,392795,,NSE
CUMMINSIND,2018-09-06,747.0,800.8499755859375,743.0,773.5,1187778,,NSE
CUMMINSIND,2018-09-07,773.0,773.0,752.0,763.4000244140625,364089,,NSE
CUMMINSIND,2018-09-10,759.0,766.3499755859375,740.0,744.0499877929688,283912,,NSE
CUMMINSIND,2018-09-11,755.0,764.7999877929688,745.5999755859375,753.75,611337,,NSE
CUMMINSIND,2018-09-12,752.0,781.5,746.0,776.9000244140625,538265,,NSE
CUMMINSIND,2018-09-14,787.9500122070312,787.9500122070312,751.5,754.75,837543,,NSE
CUMMINSIND,2018-09-17,754.75,755.0,735.0,737.7000122070312,335920,,NSE
CUMMINSIND,2018-09-18,737.0,737.7999877929688,712.5,720.5499877929688,383427,,NSE
CUMMINSIND,2018-09-19,723.0,730.1500244140625,719.0999755859375,723.1500244140625,317854,,NSE
CUMMINSIND,2018-09-21,724.0,730.9500122070312,673.6500244140625,684.6500244140625,656107,,NSE
CUMMINSIND,2018-09-24,690.0,699.0,683.5499877929688,691.7999877929688,376041,,NSE
CUMMINSIND,2018-09-25,698.0,698.0,685.0,692.5999755859375,468144,,NSE
CUMMINSIND,2018-09-26,695.0,701.0,689.5999755859375,692.4500122070312,387335,,NSE
CUMMINSIND,2018-09-27,687.0,692.9500122070312,667.9500122070312,674.6500244140625,882368,,NSE
CUMMINSIND,2018-09-28,669.0,691.5999755859375,655.5,673.0999755859375,413927,,NSE
CUMMINSIND,2018-10-01,678.0999755859375,683.7000122070312,660.0999755859375,669.0499877929688,226979,,NSE
CUMMINSIND,2018-10-03,666.0,677.7000122070312,664.75,669.7999877929688,568871,,NSE
CUMMINSIND,2018-10-04,665.5,680.0,651.7000122070312,675.5499877929688,528924,,NSE
CUMMINSIND,2018-10-05,674.0999755859375,677.7000122070312,655.0,658.25,108912,,NSE
CUMMINSIND,2018-10-08,648.0,665.9500122070312,642.5,654.5499877929688,246953,,NSE
CUMMINSIND,2018-10-09,656.5,677.2000122070312,645.25,665.8499755859375,328557,,NSE
CUMMINSIND,2018-10-10,665.0499877929688,694.5,664.2000122070312,687.9000244140625,316351,,NSE
CUMMINSIND,2018-10-11,675.0,682.0,661.9500122070312,669.3499755859375,304690,,NSE
CUMMINSIND,2018-10-12,672.5,689.0,672.5,680.25,81501,,NSE
CUMMINSIND,2018-10-15,683.0,717.0499877929688,673.0,709.2000122070312,561781,,NSE
CUMMINSIND,2018-10-16,711.9500122070312,714.1500244140625,691.0499877929688,702.5,291713,,NSE
CUMMINSIND,2018-10-17,710.0,710.9500122070312,678.7999877929688,684.4000244140625,153319,,NSE
CUMMINSIND,2018-10-19,679.0,702.0,674.0,697.8499755859375,242522,,NSE
CUMMINSIND,2018-10-22,704.0,707.4000244140625,677.2000122070312,690.25,185237,,NSE
CUMMINSIND,2018-10-23,690.0,690.0,643.2999877929688,655.5,488907,,NSE
CUMMINSIND,2018-10-24,654.5,680.4500122070312,654.0499877929688,675.2999877929688,248786,,NSE
CUMMINSIND,2018-10-25,670.0,684.0,664.7999877929688,674.5999755859375,833126,,NSE
CUMMINSIND,2018-10-26,673.7000122070312,688.2999877929688,657.0499877929688,671.7999877929688,356344,,NSE
CUMMINSIND,2018-10-29,671.7999877929688,682.75,670.6500244140625,676.4000244140625,274385,,NSE
CUMMINSIND,2018-10-30,678.0,685.7000122070312,663.4500122070312,673.2999877929688,455587,,NSE
CUMMINSIND,2018-10-31,730.0,769.4000244140625,730.0,746.8499755859375,3050809,,NSE
CUMMINSIND,2018-11-01,750.9000244140625,762.7999877929688,738.0999755859375,746.9500122070312,881064,,NSE
CUMMINSIND,2018-11-02,753.4000244140625,783.5999755859375,748.0499877929688,768.2999877929688,971369,,NSE
CUMMINSIND,2018-11-05,763.0999755859375,773.0,757.75,764.0999755859375,431945,,NSE
CUMMINSIND,2018-11-06,757.0499877929688,788.75,757.0499877929688,776.6500244140625,700286,,NSE
CUMMINSIND,2018-11-07,778.8499755859375,784.6500244140625,776.75,778.6500244140625,43526,,NSE
CUMMINSIND,2018-11-09,770.9000244140625,793.4000244140625,770.6500244140625,779.3499755859375,383468,,NSE
CUMMINSIND,2018-11-12,781.0,807.0,773.0,797.0,1515942,,NSE
CUMMINSIND,2018-11-13,798.9500122070312,804.5,777.0499877929688,783.9500122070312,401867,,NSE
CUMMINSIND,2018-11-14,789.4000244140625,812.0,780.0999755859375,789.9000244140625,642322,,NSE
CUMMINSIND,2018-11-15,781.2000122070312,825.0999755859375,781.2000122070312,817.0499877929688,810534,,NSE
CUMMINSIND,2018-11-16,820.0,822.9500122070312,788.5,795.9500122070312,689783,,NSE
CUMMINSIND,2018-11-19,797.5,805.9500122070312,779.0,785.0499877929688,385859,,NSE
CUMMINSIND,2018-11-20,784.0499877929688,804.7999877929688,775.5,785.25,1158802,,NSE
CUMMINSIND,2018-11-21,790.0,793.4000244140625,778.5999755859375,786.25,797442,,NSE
CUMMINSIND,2018-11-22,790.0,796.0999755859375,766.0499877929688,768.5,279107,,NSE
CUMMINSIND,2018-11-26,771.8499755859375,793.2999877929688,760.3499755859375,787.75,1064494,,NSE
CUMMINSIND,2018-11-27,790.0,813.9500122070312,781.9000244140625,804.0499877929688,853948,,NSE
CUMMINSIND,2018-11-28,801.0,806.3499755859375,789.0,791.2000122070312,314579,,NSE
CUMMINSIND,2018-11-29,795.0,808.0,788.2999877929688,801.0,410984,,NSE
CUMMINSIND,2018-11-30,802.0,818.9500122070312,802.0,807.0,505611,,NSE
CUMMINSIND,2018-12-03,808.6500244140625,812.9000244140625,791.2999877929688,808.8499755859375,220150,,NSE
CUMMINSIND,2018-12-04,814.9000244140625,814.9000244140625,794.1500244140625,811.1500244140625,406595,,NSE
CUMMINSIND,2018-12-05,805.2999877929688,805.2999877929688,776.7999877929688,782.0999755859375,334690,,NSE
CUMMINSIND,2018-12-06,780.0,793.0,772.2000122070312,781.7000122070312,308472,,NSE
CUMMINSIND,2018-12-07,781.75,790.0,775.0999755859375,781.4000244140625,229626,,NSE
CUMMINSIND,2018-12-10,777.0,780.4000244140625,769.9500122070312,772.7000122070312,1019406,,NSE
CUMMINSIND,2018-12-11,761.0999755859375,790.0,761.0999755859375,779.2999877929688,307511,,NSE
CUMMINSIND,2018-12-12,784.0,810.75,782.0,805.7999877929688,330993,,NSE
CUMMINSIND,2018-12-13,809.0,817.8499755859375,807.1500244140625,812.8499755859375,712254,,NSE
CUMMINSIND,2018-12-14,808.5,816.5499877929688,802.7999877929688,808.4000244140625,555718,,NSE
CUMMINSIND,2018-12-17,818.9000244140625,842.0,808.0,831.75,1405947,,NSE
CUMMINSIND,2018-12-18,831.0,839.3499755859375,813.7000122070312,818.75,1134739,,NSE
CUMMINSIND,2018-12-19,824.4500122070312,836.9500122070312,814.5499877929688,816.3499755859375,979302,,NSE
CUMMINSIND,2018-12-20,816.0,831.5,813.0499877929688,829.8499755859375,465312,,NSE
CUMMINSIND,2018-12-21,837.0,837.0,786.0499877929688,790.9500122070312,479435,,NSE
CUMMINSIND,2018-12-24,790.9500122070312,804.0999755859375,777.5,790.1500244140625,271942,,NSE
CUMMINSIND,2018-12-26,790.0,809.7999877929688,772.2999877929688,802.7000122070312,594851,,NSE
CUMMINSIND,2018-12-27,803.2000122070312,848.0,803.2000122070312,833.3499755859375,1033735,,NSE
CUMMINSIND,2018-12-28,836.0,862.0,831.5,859.6500244140625,2020580,,NSE
CUMMINSIND,2018-12-31,864.0,866.9000244140625,845.0,849.7000122070312,744466,,NSE
CUMMINSIND,2019-01-01,847.0,852.75,842.7999877929688,848.4500122070312,244269,,NSE
CUMMINSIND,2019-01-02,848.0,858.7000122070312,838.0,845.9000244140625,387427,,NSE
CUMMINSIND,2019-01-03,845.5,857.3499755859375,832.0,834.75,280927,,NSE
CUMMINSIND,2019-01-04,834.0999755859375,842.0,825.9500122070312,831.9000244140625,235286,,NSE
CUMMINSIND,2019-01-07,832.5,849.0,830.4000244140625,842.1500244140625,376036,,NSE
CUMMINSIND,2019-01-08,842.0999755859375,852.0,838.5499877929688,846.8499755859375,725421,,NSE
CUMMINSIND,2019-01-09,848.9000244140625,865.75,847.9000244140625,860.5,637886,,NSE
CUMMINSIND,2019-01-10,861.5499877929688,862.75,851.7999877929688,854.75,431175,,NSE
CUMMINSIND,2019-01-11,850.0499877929688,860.7000122070312,840.1500244140625,843.4000244140625,300970,,NSE
CUMMINSIND,2019-01-14,840.9000244140625,862.0,834.7999877929688,854.7000122070312,697753,,NSE
CUMMINSIND,2019-01-15,855.0,881.0,851.0499877929688,877.7000122070312,1144967,,NSE
CUMMINSIND,2019-01-16,880.0,884.2000122070312,839.4000244140625,841.7000122070312,858199,,NSE
CUMMINSIND,2019-01-17,842.0,855.7999877929688,832.5499877929688,841.75,758174,,NSE
CUMMINSIND,2019-01-18,845.0,849.7000122070312,837.2999877929688,844.3499755859375,350513,,NSE
CUMMINSIND,2019-01-21,845.0,852.5,832.4500122070312,838.7999877929688,275328,,NSE
CUMMINSIND,2019-01-22,836.1500244140625,836.5,824.75,829.0999755859375,175143,,NSE
CUMMINSIND,2019-01-23,827.0,836.2000122070312,819.0,821.6500244140625,181791,,NSE
CUMMINSIND,2019-01-24,823.75,832.6500244140625,815.0,824.7000122070312,290818,,NSE
CUMMINSIND,2019-01-25,824.7000122070312,845.9500122070312,813.0,830.5999755859375,845339,,NSE
CUMMINSIND,2019-01-28,829.9000244140625,830.9500122070312,804.0,809.0499877929688,404369,,NSE
CUMMINSIND,2019-01-29,812.0,816.0499877929688,780.5,784.9500122070312,709050,,NSE
CUMMINSIND,2019-01-30,787.0,801.2000122070312,780.25,799.3499755859375,383639,,NSE
CUMMINSIND,2019-01-31,803.0,808.0,784.5,788.2000122070312,532524,,NSE
CUMMINSIND,2019-02-01,790.2000122070312,804.2999877929688,790.0,795.9000244140625,478554,,NSE
CUMMINSIND,2019-02-04,797.0,802.9000244140625,783.0,794.3499755859375,767868,,NSE
CUMMINSIND,2019-02-05,795.0,811.9500122070312,792.0,799.5499877929688,521959,,NSE
CUMMINSIND,2019-02-06,798.75,807.25,771.75,801.0999755859375,723459,,NSE
CUMMINSIND,2019-02-07,797.0,811.9000244140625,762.3499755859375,769.7000122070312,1239848,,NSE
CUMMINSIND,2019-02-08,767.9000244140625,767.9000244140625,732.0999755859375,751.2999877929688,1813824,,NSE
CUMMINSIND,2019-02-11,743.0999755859375,747.0,717.5499877929688,726.25,1941588,,NSE
CUMMINSIND,2019-02-12,725.0,726.0,706.0,711.6500244140625,579112,,NSE
CUMMINSIND,2019-02-14,716.2000122070312,718.5999755859375,697.0,701.5,554954,,NSE
CUMMINSIND,2019-02-15,699.7999877929688,699.7999877929688,678.0499877929688,684.0999755859375,624833,,NSE
CUMMINSIND,2019-02-18,685.0,686.4000244140625,661.0,663.3499755859375,616184,,NSE
CUMMINSIND,2019-02-19,660.0499877929688,677.2999877929688,660.0499877929688,665.0999755859375,455725,,NSE
CUMMINSIND,2019-02-20,666.0,692.0,666.0,676.4500122070312,963583,,NSE
CUMMINSIND,2019-02-21,680.0,702.7000122070312,674.1500244140625,694.0,1037856,,NSE
CUMMINSIND,2019-02-22,697.0,703.9500122070312,682.0999755859375,694.3499755859375,820219,,NSE
CUMMINSIND,2019-02-25,698.0,709.0,690.0,701.1500244140625,452682,,NSE
CUMMINSIND,2019-02-26,701.1500244140625,730.0,681.8499755859375,724.9000244140625,1349917,,NSE
CUMMINSIND,2019-02-27,729.0,729.4000244140625,708.6500244140625,722.3499755859375,933296,,NSE
CUMMINSIND,2019-02-28,722.9000244140625,722.9000244140625,697.0499877929688,699.7999877929688,960158,,NSE
CUMMINSIND,2019-03-01,699.9000244140625,712.0,699.9000244140625,704.75,435318,,NSE
CUMMINSIND,2019-03-05,703.0,722.5,699.4500122070312,719.7000122070312,662634,,NSE
CUMMINSIND,2019-03-06,728.9000244140625,748.1500244140625,723.0,731.7999877929688,649839,,NSE
CUMMINSIND,2019-03-07,736.0,744.9500122070312,724.7999877929688,742.1500244140625,487109,,NSE
CUMMINSIND,2019-03-08,743.0,744.7000122070312,728.0999755859375,730.4000244140625,201353,,NSE
CUMMINSIND,2019-03-11,732.1500244140625,752.0,723.75,748.7999877929688,658351,,NSE
CUMMINSIND,2019-03-12,753.0,766.4000244140625,737.5,743.0499877929688,737273,,NSE
CUMMINSIND,2019-03-13,742.5,746.6500244140625,730.0,735.1500244140625,293253,,NSE
CUMMINSIND,2019-03-14,735.0,749.9500122070312,733.5499877929688,741.25,346570,,NSE
CUMMINSIND,2019-03-15,741.0999755859375,753.5499877929688,738.0,740.9500122070312,315823,,NSE
CUMMINSIND,2019-03-18,748.7000122070312,750.4500122070312,741.0499877929688,747.2000122070312,172063,,NSE
CUMMINSIND,2019-03-19,749.0,756.7999877929688,742.0,751.3499755859375,334038,,NSE
CUMMINSIND,2019-03-20,751.0,757.2999877929688,742.5,745.7000122070312,341162,,NSE
CUMMINSIND,2019-03-22,746.0,758.9000244140625,740.5,753.2000122070312,337835,,NSE
CUMMINSIND,2019-03-25,747.0,747.0,715.0,719.4000244140625,334159,,NSE
CUMMINSIND,2019-03-26,719.0,730.5,716.2000122070312,727.75,523654,,NSE
CUMMINSIND,2019-03-27,730.5,745.9500122070312,730.0,741.4000244140625,506819,,NSE
CUMMINSIND,2019-03-28,744.9000244140625,749.9500122070312,736.0999755859375,740.2999877929688,585224,,NSE
CUMMINSIND,2019-04-01,752.0,759.4000244140625,746.7000122070312,749.0,368891,,NSE
CUMMINSIND,2019-04-02,748.1500244140625,758.8499755859375,743.2000122070312,745.3499755859375,466069,,NSE
CUMMINSIND,2019-04-03,746.4500122070312,754.0,725.5,728.25,380637,,NSE
CUMMINSIND,2019-04-04,733.5,744.25,714.7999877929688,715.8499755859375,566742,,NSE
CUMMINSIND,2019-04-05,719.9000244140625,726.75,707.5999755859375,714.7999877929688,584714,,NSE
CUMMINSIND,2019-04-08,717.9000244140625,731.9500122070312,706.6500244140625,709.4500122070312,458895,,NSE
CUMMINSIND,2019-04-09,713.8499755859375,745.2000122070312,708.0,740.5,702939,,NSE
CUMMINSIND,2019-04-10,738.5999755859375,750.9000244140625,727.25,747.6500244140625,402937,,NSE
CUMMINSIND,2019-04-11,748.0499877929688,749.9000244140625,735.2000122070312,743.2999877929688,322924,,NSE
CUMMINSIND,2019-04-12,743.0,751.5499877929688,740.7999877929688,749.9000244140625,339295,,NSE
CUMMINSIND,2019-04-15,748.0,755.9000244140625,745.0,750.9500122070312,147965,,NSE
CUMMINSIND,2019-04-16,756.9500122070312,757.0,731.5499877929688,734.0999755859375,418706,,NSE
CUMMINSIND,2019-04-18,732.5,749.5,724.0499877929688,739.75,267126,,NSE
CUMMINSIND,2019-04-22,742.0,742.0,717.0,721.2000122070312,140938,,NSE
CUMMINSIND,2019-04-23,723.9000244140625,748.0,713.0999755859375,741.5999755859375,541271,,NSE
CUMMINSIND,2019-04-24,741.5999755859375,749.7999877929688,718.75,739.0,598989,,NSE
CUMMINSIND,2019-04-25,735.0,740.9000244140625,730.2000122070312,733.7000122070312,187105,,NSE
CUMMINSIND,2019-04-26,737.9000244140625,749.0,728.2999877929688,746.9500122070312,230789,,NSE
CUMMINSIND,2019-04-30,750.0,750.0,723.2999877929688,726.6500244140625,204392,,NSE
CUMMINSIND,2019-05-02,725.0,725.0,696.25,704.75,536875,,NSE
CUMMINSIND,2019-05-03,706.0,723.0,704.7999877929688,715.0999755859375,260527,,NSE
CUMMINSIND,2019-05-06,710.0,718.0,705.9500122070312,710.8499755859375,153585,,NSE
CUMMINSIND,2019-05-07,714.1500244140625,715.2999877929688,699.0499877929688,703.1500244140625,254972,,NSE
CUMMINSIND,2019-05-08,703.9500122070312,706.9500122070312,695.75,700.0999755859375,264029,,NSE
CUMMINSIND,2019-05-09,698.0999755859375,706.2999877929688,696.7000122070312,700.75,148422,,NSE
CUMMINSIND,2019-05-10,702.5,707.9500122070312,698.0,699.8499755859375,100645,,NSE
CUMMINSIND,2019-05-13,703.9000244140625,703.9500122070312,685.75,691.1500244140625,367480,,NSE
CUMMINSIND,2019-05-14,688.25,706.0,682.3499755859375,697.75,193371,,NSE
CUMMINSIND,2019-05-15,700.0,710.0,697.5,701.0499877929688,123829,,NSE
CUMMINSIND,2019-05-16,700.0,707.75,692.6500244140625,696.8499755859375,140474,,NSE
CUMMINSIND,2019-05-17,697.0,713.7999877929688,696.5499877929688,709.8499755859375,176988,,NSE
CUMMINSIND,2019-05-20,720.0,771.0,716.5499877929688,766.0499877929688,958987,,NSE
CUMMINSIND,2019-05-21,760.0999755859375,762.0,741.5999755859375,745.4000244140625,260421,,NSE
CUMMINSIND,2019-05-22,745.9500122070312,745.9500122070312,723.5999755859375,729.1500244140625,290108,,NSE
CUMMINSIND,2019-05-23,730.0,746.0,715.6500244140625,720.9500122070312,815182,,NSE
CUMMINSIND,2019-05-24,724.5999755859375,761.4500122070312,723.0499877929688,757.8499755859375,1023069,,NSE
CUMMINSIND,2019-05-27,750.0,791.0,747.0499877929688,788.4500122070312,1025360,,NSE
CUMMINSIND,2019-05-28,791.0999755859375,799.7999877929688,777.0,796.0,652924,,NSE
CUMMINSIND,2019-05-29,794.0,794.0,761.5499877929688,766.0999755859375,227871,,NSE
CUMMINSIND,2019-05-30,760.0,772.0,751.0999755859375,763.1500244140625,442380,,NSE
CUMMINSIND,2019-05-31,767.0,801.0499877929688,760.6500244140625,790.0499877929688,1052607,,NSE
CUMMINSIND,2019-06-03,785.0999755859375,794.7000122070312,767.2999877929688,772.4000244140625,305759,,NSE
CUMMINSIND,2019-06-04,766.2000122070312,784.2999877929688,766.2000122070312,778.0999755859375,331838,,NSE
CUMMINSIND,2019-06-06,777.0,788.5,768.4000244140625,771.2000122070312,498732,,NSE
CUMMINSIND,2019-06-07,774.0,776.0,757.1500244140625,763.9000244140625,275004,,NSE
CUMMINSIND,2019-06-10,765.2000122070312,783.3499755859375,765.2000122070312,773.7000122070312,214328,,NSE
CUMMINSIND,2019-06-11,774.2999877929688,775.0,762.0,764.1500244140625,135792,,NSE
CUMMINSIND,2019-06-12,760.0,761.9000244140625,746.25,752.1500244140625,396240,,NSE
CUMMINSIND,2019-06-13,748.0999755859375,753.9500122070312,742.5,745.8499755859375,381810,,NSE
CUMMINSIND,2019-06-14,745.0,767.0,744.0,763.7999877929688,354599,,NSE
CUMMINSIND,2019-06-17,763.0,763.0,740.9000244140625,747.8499755859375,334824,,NSE
CUMMINSIND,2019-06-18,747.0,753.0999755859375,729.75,735.9500122070312,311818,,NSE
CUMMINSIND,2019-06-19,736.0,742.5999755859375,730.0,737.2000122070312,423021,,NSE
CUMMINSIND,2019-06-20,737.2000122070312,748.5999755859375,733.5499877929688,746.5499877929688,417376,,NSE
CUMMINSIND,2019-06-21,748.9500122070312,751.0499877929688,736.3499755859375,740.9000244140625,225874,,NSE
CUMMINSIND,2019-06-24,744.0,759.9500122070312,738.0,754.9500122070312,265761,,NSE
CUMMINSIND,2019-06-25,756.0,772.0,751.8499755859375,757.4500122070312,544083,,NSE
CUMMINSIND,2019-06-26,757.4500122070312,777.0,757.0,770.5499877929688,366850,,NSE
CUMMINSIND,2019-06-27,774.4000244140625,788.0,764.75,775.5999755859375,562369,,NSE
CUMMINSIND,2019-06-28,779.0,785.75,760.0,764.0499877929688,216647,,NSE
CUMMINSIND,2019-07-01,767.8499755859375,781.0,765.2999877929688,773.0499877929688,297182,,NSE
CUMMINSIND,2019-07-02,773.3499755859375,782.9000244140625,767.4500122070312,778.9000244140625,205384,,NSE
CUMMINSIND,2019-07-03,778.9000244140625,782.0,763.3499755859375,768.9000244140625,312629,,NSE
CUMMINSIND,2019-07-04,757.9000244140625,766.0,747.5,760.2999877929688,504244,,NSE
CUMMINSIND,2019-07-05,757.0,766.4000244140625,731.0,736.6500244140625,375590,,NSE
CUMMINSIND,2019-07-08,731.4000244140625,764.0,720.0,750.2000122070312,741644,,NSE
CUMMINSIND,2019-07-09,748.2999877929688,752.9500122070312,734.2999877929688,747.0499877929688,298463,,NSE
CUMMINSIND,2019-07-10,745.0999755859375,750.9000244140625,740.2000122070312,741.9000244140625,235558,,NSE
CUMMINSIND,2019-07-11,746.0,759.1500244140625,741.4500122070312,756.8499755859375,211383,,NSE
CUMMINSIND,2019-07-12,757.7000122070312,766.7999877929688,751.0,755.5999755859375,203110,,NSE
CUMMINSIND,2019-07-15,759.0,759.0,742.9000244140625,752.4500122070312,108856,,NSE
CUMMINSIND,2019-07-16,740.4000244140625,752.0,710.9500122070312,745.0999755859375,1114126,,NSE
CUMMINSIND,2019-07-17,741.0999755859375,757.0,731.2999877929688,752.4000244140625,468551,,NSE
CUMMINSIND,2019-07-18,755.9000244140625,755.9000244140625,736.5499877929688,739.5,114109,,NSE
CUMMINSIND,2019-07-19,741.0,751.4500122070312,725.75,728.5,335455,,NSE
CUMMINSIND,2019-07-22,734.4000244140625,734.4000244140625,720.2000122070312,726.1500244140625,176754,,NSE
CUMMINSIND,2019-07-23,730.5,733.4000244140625,721.5499877929688,725.75,81297,,NSE
CUMMINSIND,2019-07-24,729.7000122070312,737.6500244140625,717.2000122070312,731.9000244140625,213315,,NSE
CUMMINSIND,2019-07-25,731.0,765.0,731.0,750.7000122070312,812365,,NSE
CUMMINSIND,2019-07-26,741.0999755859375,748.8499755859375,732.4000244140625,739.1500244140625,280334,,NSE
CUMMINSIND,2019-07-29,736.0,748.9000244140625,720.0,723.8499755859375,172792,,NSE
CUMMINSIND,2019-07-30,727.9000244140625,728.2000122070312,699.9500122070312,702.0499877929688,269161,,NSE
CUMMINSIND,2019-07-31,697.0,712.5,684.4500122070312,709.0,144624,,NSE
CUMMINSIND,2019-08-01,705.5999755859375,712.9500122070312,688.0999755859375,693.4000244140625,191024,,NSE
CUMMINSIND,2019-08-02,688.5,691.0999755859375,662.2000122070312,669.3499755859375,564001,,NSE
CUMMINSIND,2019-08-05,665.0,675.1500244140625,655.5,669.1500244140625,376349,,NSE
CUMMINSIND,2019-08-06,669.1500244140625,686.7000122070312,662.6500244140625,672.8499755859375,240062,,NSE
CUMMINSIND,2019-08-07,674.0999755859375,676.9500122070312,645.4000244140625,652.5,1556926,,NSE
CUMMINSIND,2019-08-08,652.0,661.1500244140625,587.25,603.1500244140625,2876701,,NSE
CUMMINSIND,2019-08-09,605.0,616.2999877929688,595.3499755859375,599.7999877929688,849885,,NSE
CUMMINSIND,2019-08-13,604.0,604.6500244140625,589.0999755859375,591.2999877929688,560460,,NSE
CUMMINSIND,2019-08-14,587.0,599.5999755859375,583.0,588.0999755859375,658260,,NSE
CUMMINSIND,2019-08-16,585.0,597.0,582.25,594.7000122070312,522937,,NSE
CUMMINSIND,2019-08-19,598.0,599.5499877929688,585.0,587.4500122070312,189335,,NSE
CUMMINSIND,2019-08-20,582.2000122070312,590.3499755859375,574.7000122070312,579.9000244140625,363981,,NSE
CUMMINSIND,2019-08-21,575.0,579.5999755859375,565.9000244140625,570.0,381769,,NSE
CUMMINSIND,2019-08-22,565.0,574.7999877929688,555.25,568.75,363030,,NSE
CUMMINSIND,2019-08-23,568.1500244140625,585.5,559.0,576.0499877929688,200232,,NSE
CUMMINSIND,2019-08-26,585.0,586.0,566.0499877929688,569.7000122070312,435842,,NSE
CUMMINSIND,2019-08-27,569.6500244140625,575.4000244140625,562.0999755859375,568.2000122070312,513900,,NSE
CUMMINSIND,2019-08-28,565.2999877929688,578.3499755859375,556.0,569.5999755859375,915923,,NSE
CUMMINSIND,2019-08-29,571.0499877929688,577.75,562.5499877929688,569.5999755859375,739941,,NSE
CUMMINSIND,2019-08-30,569.0,581.0,560.5,574.75,390456,,NSE
CUMMINSIND,2019-09-03,570.0,577.0,557.3499755859375,558.9500122070312,421955,,NSE
CUMMINSIND,2019-09-04,558.9000244140625,567.0,555.6500244140625,563.7999877929688,411708,,NSE
CUMMINSIND,2019-09-05,558.5,569.1500244140625,558.25,565.6500244140625,249684,,NSE
CUMMINSIND,2019-09-06,565.6500244140625,580.5,565.6500244140625,574.25,296872,,NSE
CUMMINSIND,2019-09-09,574.0,583.9000244140625,568.0999755859375,577.5499877929688,394221,,NSE
CUMMINSIND,2019-09-11,583.5999755859375,588.2999877929688,571.5999755859375,582.1500244140625,405311,,NSE
CUMMINSIND,2019-09-12,585.9000244140625,585.9000244140625,565.0,568.4000244140625,471429,,NSE
CUMMINSIND,2019-09-13,570.0,583.5,564.25,581.4000244140625,285966,,NSE
CUMMINSIND,2019-09-16,581.4000244140625,593.8499755859375,576.0,578.4500122070312,515126,,NSE
CUMMINSIND,2019-09-17,582.0499877929688,582.0499877929688,557.7000122070312,560.75,294672,,NSE
CUMMINSIND,2019-09-18,563.7999877929688,570.9500122070312,558.7000122070312,565.75,291397,,NSE
CUMMINSIND,2019-09-19,568.0,571.0,558.0999755859375,568.25,197548,,NSE
CUMMINSIND,2019-09-20,568.9000244140625,599.7000122070312,563.0499877929688,596.3499755859375,1365892,,NSE
CUMMINSIND,2019-09-23,613.9500122070312,635.0,605.0,624.0499877929688,624510,,NSE
CUMMINSIND,2019-09-24,626.0999755859375,627.0,598.6500244140625,606.8499755859375,643469,,NSE
CUMMINSIND,2019-09-25,612.0,613.8499755859375,590.0499877929688,592.7000122070312,756476,,NSE
CUMMINSIND,2019-09-26,596.4000244140625,606.5999755859375,588.6500244140625,591.9500122070312,479580,,NSE
CUMMINSIND,2019-09-27,592.9000244140625,597.25,574.25,576.5999755859375,559400,,NSE
CUMMINSIND,2019-09-30,580.0999755859375,580.0999755859375,567.4000244140625,572.7999877929688,370317,,NSE
CUMMINSIND,2019-10-01,574.0,579.7000122070312,560.25,563.25,248081,,NSE
CUMMINSIND,2019-10-03,564.0,574.0,556.25,559.5,466250,,NSE
CUMMINSIND,2019-10-04,559.5499877929688,571.4500122070312,538.2999877929688,550.7999877929688,1023935,,NSE
CUMMINSIND,2019-10-07,550.7999877929688,572.7999877929688,544.25,561.4500122070312,1014021,,NSE
CUMMINSIND,2019-10-09,563.5,578.25,561.5,568.4000244140625,987965,,NSE
CUMMINSIND,2019-10-10,568.4000244140625,574.0,562.0,564.75,332475,,NSE
CUMMINSIND,2019-10-11,564.6500244140625,570.5,559.4500122070312,565.2999877929688,317011,,NSE
CUMMINSIND,2019-10-14,565.2999877929688,576.9500122070312,564.9500122070312,572.7999877929688,199099,,NSE
CUMMINSIND,2019-10-15,574.9000244140625,574.9000244140625,563.5499877929688,569.2999877929688,140162,,NSE
CUMMINSIND,2019-10-16,569.9000244140625,582.0,567.5999755859375,575.5,652912,,NSE
CUMMINSIND,2019-10-17,576.9000244140625,581.0,560.0,569.9500122070312,699406,,NSE
CUMMINSIND,2019-10-18,570.9000244140625,594.9000244140625,570.0,583.2999877929688,789534,,NSE
CUMMINSIND,2019-10-22,586.0,590.0,575.0,578.7000122070312,459932,,NSE
CUMMINSIND,2019-10-23,581.5,588.0,574.2000122070312,578.9000244140625,288724,,NSE
CUMMINSIND,2019-10-24,577.0,591.0,538.2999877929688,546.9500122070312,2801951,,NSE
CUMMINSIND,2019-10-25,545.0,553.75,532.2000122070312,541.1500244140625,1969631,,NSE
CUMMINSIND,2019-10-27,541.1500244140625,548.0,541.1500244140625,545.7999877929688,34522,,NSE
CUMMINSIND,2019-10-29,546.0999755859375,546.9500122070312,536.4500122070312,540.7999877929688,489114,,NSE
CUMMINSIND,2019-10-30,544.0,557.75,541.3499755859375,554.1500244140625,944203,,NSE
CUMMINSIND,2019-10-31,557.0,557.5,539.5,543.9500122070312,1302173,,NSE
CUMMINSIND,2019-11-01,545.0,558.75,541.7000122070312,550.0499877929688,1055623,,NSE
CUMMINSIND,2019-11-04,552.4000244140625,558.7999877929688,543.0499877929688,546.5999755859375,460153,,NSE
CUMMINSIND,2019-11-05,550.0,550.0,541.2999877929688,546.5,574136,,NSE
CUMMINSIND,2019-11-06,549.0,554.0,542.2000122070312,551.2999877929688,562286,,NSE
CUMMINSIND,2019-11-07,553.8499755859375,553.8499755859375,545.25,552.2000122070312,681069,,NSE
CUMMINSIND,2019-11-08,550.7000122070312,562.75,548.0,556.9000244140625,507267,,NSE
CUMMINSIND,2019-11-11,555.2999877929688,564.5,552.8499755859375,559.7000122070312,555723,,NSE
CUMMINSIND,2019-11-13,561.0,576.9000244140625,561.0,565.7000122070312,1018794,,NSE
CUMMINSIND,2019-11-14,569.0999755859375,569.2000122070312,552.7000122070312,560.4000244140625,256669,,NSE
CUMMINSIND,2019-11-15,560.4000244140625,568.2000122070312,556.5499877929688,563.5999755859375,224680,,NSE
CUMMINSIND,2019-11-18,565.9500122070312,567.7000122070312,554.25,557.2000122070312,189922,,NSE
CUMMINSIND,2019-11-19,557.2000122070312,567.0,556.7000122070312,562.4000244140625,179194,,NSE
CUMMINSIND,2019-11-20,564.9000244140625,571.0,562.25,569.5499877929688,418796,,NSE
CUMMINSIND,2019-11-21,569.0,574.75,557.5999755859375,562.9000244140625,509317,,NSE
CUMMINSIND,2019-11-22,563.0,569.4500122070312,559.75,566.8499755859375,440576,,NSE
CUMMINSIND,2019-11-25,572.0,577.3499755859375,561.2999877929688,568.7999877929688,413320,,NSE
CUMMINSIND,2019-11-26,567.0,572.5,563.5999755859375,566.2000122070312,559467,,NSE
CUMMINSIND,2019-11-27,564.3499755859375,568.4000244140625,560.5999755859375,562.7000122070312,190085,,NSE
CUMMINSIND,2019-11-28,560.5999755859375,564.75,544.6500244140625,547.2999877929688,1473537,,NSE
CUMMINSIND,2019-11-29,548.0,552.0,538.0,542.25,826998,,NSE
CUMMINSIND,2019-12-02,543.25,544.9500122070312,535.3499755859375,539.7000122070312,259454,,NSE
CUMMINSIND,2019-12-03,540.0,541.75,527.4500122070312,532.75,281310,,NSE
CUMMINSIND,2019-12-04,534.0,539.0999755859375,527.5,537.6500244140625,219540,,NSE
CUMMINSIND,2019-12-05,539.9000244140625,546.0499877929688,537.0,539.3499755859375,332307,,NSE
CUMMINSIND,2019-12-06,540.9000244140625,542.4000244140625,519.4000244140625,520.7000122070312,841065,,NSE
CUMMINSIND,2019-12-09,520.0,532.2999877929688,515.2999877929688,527.1500244140625,342495,,NSE
CUMMINSIND,2019-12-10,528.0,535.5,526.2000122070312,527.5,543958,,NSE
CUMMINSIND,2019-12-11,527.5,527.7999877929688,504.0,522.2999877929688,1262201,,NSE
CUMMINSIND,2019-12-12,524.7000122070312,540.0,523.75,538.8499755859375,355078,,NSE
CUMMINSIND,2019-12-13,538.7999877929688,550.0,530.0,548.5499877929688,531553,,NSE
CUMMINSIND,2019-12-16,550.5,554.5,542.0499877929688,545.9500122070312,380512,,NSE
CUMMINSIND,2019-12-17,545.9500122070312,565.0,541.25,562.0499877929688,928497,,NSE
CUMMINSIND,2019-12-18,562.4000244140625,564.9500122070312,556.5,561.2999877929688,414344,,NSE
CUMMINSIND,2019-12-19,557.2000122070312,563.6500244140625,557.2000122070312,560.9500122070312,210520,,NSE
CUMMINSIND,2019-12-20,560.7000122070312,566.0,551.4500122070312,556.1500244140625,339617,,NSE
CUMMINSIND,2019-12-23,557.0,561.75,548.6500244140625,551.5,214842,,NSE
CUMMINSIND,2019-12-24,551.0499877929688,557.9000244140625,550.5,555.9500122070312,273424,,NSE
CUMMINSIND,2019-12-26,555.9500122070312,559.4000244140625,552.5,555.4000244140625,395366,,NSE
CUMMINSIND,2019-12-27,555.0999755859375,563.5499877929688,553.9000244140625,559.9500122070312,222476,,NSE
CUMMINSIND,2019-12-30,559.0,568.5499877929688,548.0,549.9500122070312,651196,,NSE
CUMMINSIND,2019-12-31,553.0,555.9500122070312,548.75,550.8499755859375,226406,,NSE
CUMMINSIND,2020-01-01,550.8499755859375,553.9500122070312,548.4000244140625,552.1500244140625,148568,,NSE
CUMMINSIND,2020-01-02,550.0999755859375,571.0,550.0999755859375,569.0499877929688,702328,,NSE
CUMMINSIND,2020-01-03,572.5,589.6500244140625,565.0,573.0,1823916,,NSE
CUMMINSIND,2020-01-06,570.2999877929688,581.7000122070312,562.4000244140625,570.7000122070312,880116,,NSE
CUMMINSIND,2020-01-07,576.0,582.8499755859375,570.5,573.5499877929688,620142,,NSE
CUMMINSIND,2020-01-08,567.8499755859375,582.7000122070312,564.25,578.4000244140625,574685,,NSE
CUMMINSIND,2020-01-09,579.0999755859375,596.7000122070312,579.0999755859375,592.25,788564,,NSE
CUMMINSIND,2020-01-10,593.2999877929688,600.9000244140625,584.1500244140625,588.0999755859375,603502,,NSE
CUMMINSIND,2020-01-13,591.9000244140625,592.4000244140625,586.0,590.4000244140625,242018,,NSE
CUMMINSIND,2020-01-14,591.8499755859375,598.7999877929688,589.4500122070312,593.4500122070312,298076,,NSE
CUMMINSIND,2020-01-15,593.7999877929688,595.0,577.0499877929688,580.3499755859375,541744,,NSE
CUMMINSIND,2020-01-16,582.0,597.25,582.0,591.7999877929688,749424,,NSE
CUMMINSIND,2020-01-17,595.4500122070312,597.0999755859375,577.4500122070312,578.9000244140625,470283,,NSE
CUMMINSIND,2020-01-20,581.7000122070312,588.9000244140625,573.0,584.1500244140625,425150,,NSE
CUMMINSIND,2020-01-21,580.0,592.0,578.7000122070312,580.4000244140625,361234,,NSE
CUMMINSIND,2020-01-22,579.9000244140625,587.6500244140625,579.9000244140625,584.1500244140625,215727,,NSE
CUMMINSIND,2020-01-23,587.0,587.0,568.0,569.3499755859375,608267,,NSE
CUMMINSIND,2020-01-24,570.9000244140625,606.0,570.3499755859375,595.1500244140625,1515868,,NSE
CUMMINSIND,2020-01-27,594.0,608.9500122070312,590.1500244140625,605.25,1922343,,NSE
CUMMINSIND,2020-01-28,608.4000244140625,614.4000244140625,583.5999755859375,588.3499755859375,1051918,,NSE
CUMMINSIND,2020-01-29,624.0,652.7999877929688,594.0,601.2000122070312,18713513,,NSE
CUMMINSIND,2020-01-30,597.9000244140625,600.9500122070312,580.0999755859375,584.5999755859375,1929888,,NSE
CUMMINSIND,2020-01-31,585.0,595.4500122070312,572.2000122070312,574.5499877929688,991940,,NSE
CUMMINSIND,2020-02-03,562.0,569.8499755859375,555.0,560.9500122070312,559415,,NSE
CUMMINSIND,2020-02-04,561.0,572.2000122070312,561.0,564.75,279291,,NSE
CUMMINSIND,2020-02-05,566.9000244140625,580.5,566.0499877929688,570.4000244140625,489017,,NSE
CUMMINSIND,2020-02-06,573.2000122070312,577.0,564.0,567.7000122070312,360422,,NSE
CUMMINSIND,2020-02-07,560.9500122070312,563.9000244140625,552.1500244140625,558.0499877929688,598230,,NSE
CUMMINSIND,2020-02-10,560.7999877929688,561.5,541.1500244140625,546.7000122070312,748649,,NSE
CUMMINSIND,2020-02-11,548.0999755859375,556.9500122070312,544.0,545.8499755859375,322707,,NSE
CUMMINSIND,2020-02-12,545.7999877929688,556.3499755859375,543.0,551.0999755859375,455991,,NSE
CUMMINSIND,2020-02-13,550.0,554.7999877929688,546.1500244140625,549.0499877929688,314176,,NSE
CUMMINSIND,2020-02-14,547.0,552.2000122070312,535.4500122070312,536.9500122070312,332513,,NSE
CUMMINSIND,2020-02-17,534.0,539.4500122070312,528.6500244140625,536.75,391945,,NSE
CUMMINSIND,2020-02-18,536.3499755859375,536.5,523.5499877929688,530.4000244140625,464714,,NSE
CUMMINSIND,2020-02-19,531.1500244140625,544.4500122070312,531.1500244140625,539.7999877929688,292470,,NSE
CUMMINSIND,2020-02-20,539.8499755859375,556.5,539.8499755859375,554.75,493528,,NSE
CUMMINSIND,2020-02-24,555.0,559.4000244140625,542.0999755859375,545.0,501427,,NSE
CUMMINSIND,2020-02-25,544.0,547.5499877929688,531.4000244140625,535.6500244140625,304682,,NSE
CUMMINSIND,2020-02-26,535.0,543.5,527.0,533.3499755859375,415081,,NSE
CUMMINSIND,2020-02-27,535.0,535.3499755859375,511.20001220703125,518.0999755859375,903380,,NSE
CUMMINSIND,2020-02-28,509.45001220703125,515.0,496.6000061035156,510.95001220703125,583329,,NSE
CUMMINSIND,2020-03-02,513.0,521.5499877929688,497.0,500.3999938964844,432302,,NSE
CUMMINSIND,2020-03-03,502.79998779296875,550.4000244140625,500.1000061035156,506.25,579484,,NSE
CUMMINSIND,2020-03-04,506.0,511.6499938964844,492.0,497.70001220703125,670122,,NSE
CUMMINSIND,2020-03-05,499.70001220703125,508.8999938964844,494.5,502.54998779296875,375385,,NSE
CUMMINSIND,2020-03-06,492.0,509.0,483.6000061035156,503.6000061035156,336317,,NSE
CUMMINSIND,2020-03-09,499.04998779296875,499.04998779296875,477.5,482.45001220703125,644253,,NSE
CUMMINSIND,2020-03-11,485.0,489.5,471.45001220703125,477.79998779296875,480834,,NSE
CUMMINSIND,2020-03-12,465.0,465.0,418.5,448.29998779296875,1268931,,NSE
CUMMINSIND,2020-03-13,410.0,453.8999938964844,404.0,447.79998779296875,463441,,NSE
CUMMINSIND,2020-03-16,437.0,443.3500061035156,415.79998779296875,437.6499938964844,787495,,NSE
CUMMINSIND,2020-03-17,430.0,460.0,417.29998779296875,446.54998779296875,898666,,NSE
CUMMINSIND,2020-03-18,449.04998779296875,451.20001220703125,431.54998779296875,441.70001220703125,461340,,NSE
CUMMINSIND,2020-03-19,430.0,442.0,414.0,420.1000061035156,2095658,,NSE
CUMMINSIND,2020-03-20,421.5,436.3999938964844,414.8999938964844,422.1499938964844,1706018,,NSE
CUMMINSIND,2020-03-23,408.20001220703125,414.75,388.0,395.8999938964844,1744968,,NSE
CUMMINSIND,2020-03-24,400.0,414.0,385.0,395.3500061035156,738512,,NSE
CUMMINSIND,2020-03-25,390.0,392.8999938964844,365.79998779296875,369.75,1460575,,NSE
CUMMINSIND,2020-03-26,372.0,389.70001220703125,365.20001220703125,379.29998779296875,793362,,NSE
CUMMINSIND,2020-03-27,390.0,395.0,348.20001220703125,357.6000061035156,667574,,NSE
CUMMINSIND,2020-03-30,351.0,357.0,326.70001220703125,331.6000061035156,1364098,,NSE
CUMMINSIND,2020-03-31,340.0,347.95001220703125,322.75,326.70001220703125,1344531,,NSE
CUMMINSIND,2020-04-01,328.6499938964844,330.8999938964844,304.45001220703125,308.5,1195124,,NSE
CUMMINSIND,2020-04-03,311.0,314.95001220703125,296.45001220703125,298.6499938964844,1396707,,NSE
CUMMINSIND,2020-04-07,315.79998779296875,315.79998779296875,283.0,287.1499938964844,3767035,,NSE
CUMMINSIND,2020-04-08,286.0,338.04998779296875,280.0,330.04998779296875,5604056,,NSE
CUMMINSIND,2020-04-09,340.0,358.95001220703125,334.20001220703125,353.3999938964844,2857006,,NSE
CUMMINSIND,2020-04-13,359.0,371.95001220703125,341.0,362.0,1997978,,NSE
CUMMINSIND,2020-04-15,360.1499938964844,388.0,360.1499938964844,375.3999938964844,2314627,,NSE
CUMMINSIND,2020-04-16,370.0,396.0,362.5,389.79998779296875,2037046,,NSE
CUMMINSIND,2020-04-17,400.0,406.0,392.04998779296875,403.8999938964844,1228378,,NSE
CUMMINSIND,2020-04-20,407.95001220703125,411.04998779296875,396.6000061035156,400.3999938964844,1361174,,NSE
CUMMINSIND,2020-04-21,400.25,406.75,382.3999938964844,401.25,1674861,,NSE
CUMMINSIND,2020-04-22,404.25,414.0,399.0,411.54998779296875,783606,,NSE
CUMMINSIND,2020-04-23,414.5,424.20001220703125,405.0,419.1499938964844,1487449,,NSE
CUMMINSIND,2020-04-24,420.95001220703125,426.54998779296875,377.25,384.95001220703125,1276331,,NSE
CUMMINSIND,2020-04-27,382.0,382.0,358.5,369.6499938964844,2774768,,NSE
CUMMINSIND,2020-04-28,371.04998779296875,388.45001220703125,363.6499938964844,386.25,2175015,,NSE
CUMMINSIND,2020-04-29,394.54998779296875,395.8500061035156,375.0,378.95001220703125,1629667,,NSE
CUMMINSIND,2020-04-30,379.0,382.0,371.0,377.5,1797164,,NSE
CUMMINSIND,2020-05-04,358.0,382.0,354.0,373.0,2134801,,NSE
CUMMINSIND,2020-05-05,367.3500061035156,374.29998779296875,365.1499938964844,366.75,1427609,,NSE
CUMMINSIND,2020-05-06,370.0,379.25,358.3999938964844,369.8500061035156,2912933,,NSE
CUMMINSIND,2020-05-07,372.20001220703125,374.8500061035156,355.0,358.25,1013292,,NSE
CUMMINSIND,2020-05-08,361.1000061035156,367.0,352.1499938964844,358.1000061035156,960318,,NSE
CUMMINSIND,2020-05-11,358.8500061035156,375.70001220703125,358.54998779296875,368.95001220703125,1902972,,NSE
CUMMINSIND,2020-05-12,364.1499938964844,367.5,347.04998779296875,354.3500061035156,2190657,,NSE
CUMMINSIND,2020-05-13,366.0,374.6499938964844,361.1499938964844,362.6499938964844,2026539,,NSE
CUMMINSIND,2020-05-14,359.6499938964844,368.6000061035156,344.5,347.25,7243815,,NSE
CUMMINSIND,2020-05-15,351.95001220703125,353.0,335.0,338.3500061035156,5797111,,NSE
CUMMINSIND,2020-05-18,338.29998779296875,338.3500061035156,311.20001220703125,317.5,2742302,,NSE
CUMMINSIND,2020-05-19,322.0,332.0,315.95001220703125,326.95001220703125,2120443,,NSE
CUMMINSIND,2020-05-20,325.54998779296875,334.8500061035156,324.0,333.29998779296875,910265,,NSE
CUMMINSIND,2020-05-21,333.0,343.6499938964844,328.04998779296875,337.5,721427,,NSE
CUMMINSIND,2020-05-22,335.29998779296875,339.1000061035156,326.54998779296875,329.70001220703125,933192,,NSE
CUMMINSIND,2020-05-26,334.0,342.5,330.0,340.75,807831,,NSE
CUMMINSIND,2020-05-27,343.5,347.0,338.45001220703125,345.04998779296875,891151,,NSE
CUMMINSIND,2020-05-28,348.5,361.3999938964844,342.75,359.70001220703125,948417,,NSE
CUMMINSIND,2020-05-29,355.0,382.1499938964844,351.0,376.3500061035156,2468813,,NSE
CUMMINSIND,2020-06-01,379.95001220703125,392.45001220703125,372.3500061035156,374.75,2198689,,NSE
CUMMINSIND,2020-06-02,377.79998779296875,384.5,373.0,378.95001220703125,1365104,,NSE
CUMMINSIND,2020-06-03,383.95001220703125,387.54998779296875,377.25,380.0,683131,,NSE
CUMMINSIND,2020-06-04,379.0,385.8500061035156,374.6000061035156,378.54998779296875,636163,,NSE
CUMMINSIND,2020-06-05,379.0,395.6000061035156,376.0,384.3500061035156,2628854,,NSE
CUMMINSIND,2020-06-08,394.0,403.70001220703125,386.8500061035156,399.20001220703125,2236607,,NSE
CUMMINSIND,2020-06-09,401.0,407.0,387.04998779296875,390.3999938964844,1226112,,NSE
CUMMINSIND,2020-06-10,393.0,393.3500061035156,384.25,390.8999938964844,607596,,NSE
CUMMINSIND,2020-06-11,390.20001220703125,401.3999938964844,388.04998779296875,396.1000061035156,2027272,,NSE
CUMMINSIND,2020-06-12,380.04998779296875,394.0,380.04998779296875,391.8500061035156,808426,,NSE
CUMMINSIND,2020-06-15,388.0,401.1000061035156,386.04998779296875,393.5,1007127,,NSE
CUMMINSIND,2020-06-16,401.0,401.1000061035156,380.20001220703125,383.25,1204359,,NSE
CUMMINSIND,2020-06-17,383.25,389.75,380.70001220703125,385.8999938964844,648350,,NSE
CUMMINSIND,2020-06-18,383.0,383.0,368.3500061035156,369.6499938964844,2461437,,NSE
CUMMINSIND,2020-06-19,372.0,379.0,370.6000061035156,376.25,1894591,,NSE
CUMMINSIND,2020-06-22,380.0,400.5,377.29998779296875,396.6499938964844,1613224,,NSE
CUMMINSIND,2020-06-23,398.0,408.3999938964844,395.0,399.6499938964844,1215267,,NSE
CUMMINSIND,2020-06-24,403.0,416.6000061035156,399.04998779296875,401.1000061035156,1933479,,NSE
CUMMINSIND,2020-06-25,398.8999938964844,408.8500061035156,395.1000061035156,403.70001220703125,1189573,,NSE
CUMMINSIND,2020-06-26,410.8999938964844,417.3999938964844,405.5,410.6000061035156,1574601,,NSE
CUMMINSIND,2020-06-29,410.20001220703125,414.6499938964844,396.0,397.6000061035156,1149850,,NSE
CUMMINSIND,2020-06-30,402.0,404.04998779296875,391.04998779296875,392.3500061035156,630969,,NSE
CUMMINSIND,2020-07-01,392.3500061035156,399.75,388.6499938964844,397.20001220703125,889353,,NSE
CUMMINSIND,2020-07-02,401.6499938964844,405.0,394.04998779296875,397.79998779296875,446745,,NSE
CUMMINSIND,2020-07-03,399.0,412.5,397.79998779296875,410.75,979346,,NSE
CUMMINSIND,2020-07-06,415.5,433.8999938964844,411.0,431.1499938964844,4654472,,NSE
CUMMINSIND,2020-07-07,435.6000061035156,439.45001220703125,421.25,429.6499938964844,2965361,,NSE
CUMMINSIND,2020-07-08,427.79998779296875,428.70001220703125,408.54998779296875,411.04998779296875,2837566,,NSE
CUMMINSIND,2020-07-09,411.20001220703125,415.70001220703125,399.29998779296875,400.3999938964844,1605996,,NSE
CUMMINSIND,2020-07-10,399.0,400.75,391.20001220703125,393.1000061035156,1456659,,NSE
CUMMINSIND,2020-07-13,397.0,399.8500061035156,387.0,388.3999938964844,1522264,,NSE
CUMMINSIND,2020-07-14,387.0,390.45001220703125,377.5,386.6499938964844,1150765,,NSE
CUMMINSIND,2020-07-15,387.25,393.75,378.0,380.25,1135108,,NSE
CUMMINSIND,2020-07-16,382.0,385.70001220703125,373.25,382.8500061035156,960005,,NSE
CUMMINSIND,2020-07-17,384.45001220703125,388.70001220703125,381.20001220703125,384.75,992062,,NSE
CUMMINSIND,2020-07-20,384.75,396.0,384.5,393.04998779296875,1077151,,NSE
CUMMINSIND,2020-07-21,397.0,399.25,386.5,388.29998779296875,1488641,,NSE
CUMMINSIND,2020-07-22,390.0,395.0,385.0,393.29998779296875,999602,,NSE
CUMMINSIND,2020-07-23,394.0,399.0,390.1000061035156,393.29998779296875,921532,,NSE
CUMMINSIND,2020-07-24,392.0,398.54998779296875,388.25,395.20001220703125,1213583,,NSE
CUMMINSIND,2020-07-27,395.04998779296875,396.75,389.0,394.1000061035156,473469,,NSE
CUMMINSIND,2020-07-28,396.70001220703125,404.8500061035156,390.6000061035156,401.25,1840356,,NSE
CUMMINSIND,2020-07-29,397.0,404.79998779296875,395.54998779296875,400.6499938964844,1152042,,NSE
CUMMINSIND,2020-07-30,403.5,403.6499938964844,396.6000061035156,397.8500061035156,815153,,NSE
CUMMINSIND,2020-07-31,400.0,404.5,391.0,401.6499938964844,1151242,,NSE
CUMMINSIND,2020-08-03,400.0,409.70001220703125,395.0,404.0,1247984,,NSE
CUMMINSIND,2020-08-04,406.6000061035156,406.6000061035156,398.79998779296875,401.8500061035156,538800,,NSE
CUMMINSIND,2020-08-05,403.0,411.5,401.3999938964844,410.54998779296875,990526,,NSE
CUMMINSIND,2020-08-06,413.0,418.0,408.45001220703125,414.0,1212857,,NSE
CUMMINSIND,2020-08-07,413.0,422.0,411.1499938964844,419.1000061035156,1003976,,NSE
CUMMINSIND,2020-08-10,422.95001220703125,427.6499938964844,420.25,422.45001220703125,633908,,NSE
CUMMINSIND,2020-08-11,425.3999938964844,428.1000061035156,421.0,422.1499938964844,372576,,NSE
CUMMINSIND,2020-08-12,412.20001220703125,426.29998779296875,412.20001220703125,423.04998779296875,905469,,NSE
CUMMINSIND,2020-08-13,422.0,448.70001220703125,413.6000061035156,436.75,3089891,,NSE
CUMMINSIND,2020-08-14,439.1000061035156,459.45001220703125,428.0,448.79998779296875,4371553,,NSE
CUMMINSIND,2020-08-17,448.0,458.25,436.0,456.3500061035156,2599932,,NSE
CUMMINSIND,2020-08-18,454.0,464.3999938964844,447.79998779296875,449.70001220703125,1435833,,NSE
CUMMINSIND,2020-08-19,450.6000061035156,466.3500061035156,448.04998779296875,461.70001220703125,1968381,,NSE
CUMMINSIND,2020-08-20,460.0,467.79998779296875,452.25,457.3500061035156,955382,,NSE
CUMMINSIND,2020-08-21,463.0,468.79998779296875,457.95001220703125,465.3999938964844,988098,,NSE
CUMMINSIND,2020-08-24,469.70001220703125,476.54998779296875,466.0,467.25,2710620,,NSE
CUMMINSIND,2020-08-25,470.0,474.8999938964844,463.6499938964844,473.54998779296875,1549218,,NSE
CUMMINSIND,2020-08-26,477.6499938964844,482.8999938964844,470.0,475.20001220703125,966688,,NSE
CUMMINSIND,2020-08-27,475.3999938964844,477.6000061035156,468.0,470.45001220703125,608824,,NSE
CUMMINSIND,2020-08-28,470.0,475.0,465.0,471.75,976133,,NSE
CUMMINSIND,2020-08-31,472.95001220703125,474.54998779296875,455.5,462.25,2286594,,NSE
CUMMINSIND,2020-09-01,462.25,468.8500061035156,453.54998779296875,462.1000061035156,793352,,NSE
CUMMINSIND,2020-09-02,457.54998779296875,472.25,456.54998779296875,471.6000061035156,697806,,NSE
CUMMINSIND,2020-09-03,475.0,478.25,467.54998779296875,469.8999938964844,709569,,NSE
CUMMINSIND,2020-09-04,462.5,473.04998779296875,461.3500061035156,466.0,568623,,NSE
CUMMINSIND,2020-09-07,468.1499938964844,472.54998779296875,454.1000061035156,455.70001220703125,1265851,,NSE
CUMMINSIND,2020-09-08,458.6499938964844,463.20001220703125,448.1000061035156,458.8500061035156,1041918,,NSE
CUMMINSIND,2020-09-09,457.0,462.5,451.3500061035156,460.3500061035156,585530,,NSE
CUMMINSIND,2020-09-10,464.70001220703125,472.3999938964844,458.5,470.45001220703125,893031,,NSE
CUMMINSIND,2020-09-11,465.0,469.0,452.5,456.3999938964844,2486466,,NSE
CUMMINSIND,2020-09-14,456.8500061035156,487.75,456.1000061035156,471.54998779296875,3258052,,NSE
CUMMINSIND,2020-09-15,474.1000061035156,494.0,468.0,484.04998779296875,3509385,,NSE
CUMMINSIND,2020-09-16,493.95001220703125,494.0,475.20001220703125,484.0,2138888,,NSE
CUMMINSIND,2020-09-17,479.8999938964844,491.29998779296875,474.1499938964844,487.79998779296875,1740279,,NSE
CUMMINSIND,2020-09-18,485.0,492.54998779296875,477.04998779296875,481.5,1352075,,NSE
CUMMINSIND,2020-09-21,482.0,483.3999938964844,461.5,467.6499938964844,1500924,,NSE
CUMMINSIND,2020-09-22,471.1499938964844,471.54998779296875,445.20001220703125,455.54998779296875,926175,,NSE
CUMMINSIND,2020-09-23,456.0,461.29998779296875,450.0,453.79998779296875,940500,,NSE
CUMMINSIND,2020-09-24,450.0,455.0,437.29998779296875,441.54998779296875,2377316,,NSE
CUMMINSIND,2020-09-25,441.54998779296875,447.45001220703125,437.75,446.75,1877821,,NSE
CUMMINSIND,2020-09-28,453.70001220703125,454.54998779296875,443.5,446.3500061035156,1274121,,NSE
CUMMINSIND,2020-09-29,447.0,452.5,442.0,445.20001220703125,1112228,,NSE
CUMMINSIND,2020-09-30,445.04998779296875,449.5,440.20001220703125,445.20001220703125,639550,,NSE
CUMMINSIND,2020-10-01,446.6499938964844,458.29998779296875,446.6000061035156,447.8999938964844,1204806,,NSE
CUMMINSIND,2020-10-05,449.95001220703125,460.5,444.04998779296875,458.8500061035156,1030876,,NSE
CUMMINSIND,2020-10-06,462.8500061035156,464.79998779296875,448.54998779296875,451.6000061035156,706813,,NSE
CUMMINSIND,2020-10-07,450.04998779296875,455.6000061035156,440.54998779296875,442.79998779296875,357445,,NSE
CUMMINSIND,2020-10-08,441.1000061035156,452.79998779296875,437.6499938964844,446.95001220703125,1357549,,NSE
CUMMINSIND,2020-10-09,447.0,452.79998779296875,430.1499938964844,432.1000061035156,1732230,,NSE
CUMMINSIND,2020-10-12,434.8500061035156,437.0,430.0,431.79998779296875,642918,,NSE
CUMMINSIND,2020-10-13,428.29998779296875,446.04998779296875,425.0,444.04998779296875,1857014,,NSE
CUMMINSIND,2020-10-14,445.70001220703125,445.70001220703125,436.0,437.79998779296875,1035921,,NSE
CUMMINSIND,2020-10-15,439.6000061035156,455.29998779296875,437.3500061035156,442.95001220703125,1150715,,NSE
CUMMINSIND,2020-10-16,446.8500061035156,463.6499938964844,443.54998779296875,462.0,1101187,,NSE
CUMMINSIND,2020-10-19,463.04998779296875,472.75,456.3500061035156,470.8500061035156,1021080,,NSE
CUMMINSIND,2020-10-20,467.0,472.29998779296875,460.6499938964844,464.20001220703125,623324,,NSE
CUMMINSIND,2020-10-21,465.1000061035156,476.0,462.3500061035156,464.3999938964844,944532,,NSE
CUMMINSIND,2020-10-22,460.0,465.54998779296875,457.3500061035156,461.6000061035156,1274145,,NSE
CUMMINSIND,2020-10-23,462.25,467.70001220703125,457.20001220703125,460.1000061035156,567079,,NSE
CUMMINSIND,2020-10-26,461.5,463.29998779296875,447.70001220703125,451.25,447095,,NSE
CUMMINSIND,2020-10-27,448.1499938964844,459.54998779296875,446.0,457.6000061035156,545016,,NSE
CUMMINSIND,2020-10-28,457.0,462.79998779296875,440.1000061035156,443.25,554962,,NSE
CUMMINSIND,2020-10-29,441.0,451.0,433.54998779296875,441.6499938964844,1320652,,NSE
CUMMINSIND,2020-10-30,443.79998779296875,447.8999938964844,431.0,434.1000061035156,851825,,NSE
CUMMINSIND,2020-11-02,434.6000061035156,438.3999938964844,428.8999938964844,436.8999938964844,937677,,NSE
CUMMINSIND,2020-11-03,440.0,451.54998779296875,437.5,447.0,1230148,,NSE
CUMMINSIND,2020-11-04,449.6499938964844,449.6499938964844,438.0,440.1499938964844,511546,,NSE
CUMMINSIND,2020-11-05,443.20001220703125,455.25,442.8500061035156,454.3500061035156,450418,,NSE
CUMMINSIND,2020-11-06,456.6000061035156,461.79998779296875,449.0,456.04998779296875,1039186,,NSE
CUMMINSIND,2020-11-09,456.95001220703125,461.1000061035156,449.29998779296875,457.3500061035156,1216682,,NSE
CUMMINSIND,2020-11-10,455.8999938964844,465.5,452.3999938964844,454.54998779296875,706979,,NSE
CUMMINSIND,2020-11-11,456.79998779296875,462.0,452.54998779296875,456.54998779296875,506890,,NSE
CUMMINSIND,2020-11-12,457.95001220703125,482.3500061035156,456.1000061035156,478.54998779296875,3582901,,NSE
CUMMINSIND,2020-11-13,479.0,482.0,470.6499938964844,478.3500061035156,1179898,,NSE
CUMMINSIND,2020-11-14,478.95001220703125,482.8999938964844,476.1499938964844,478.6499938964844,99483,,NSE
CUMMINSIND,2020-11-17,481.04998779296875,497.8999938964844,479.5,493.0,2651920,,NSE
CUMMINSIND,2020-11-18,494.8500061035156,501.0,485.25,497.1499938964844,1035778,,NSE
CUMMINSIND,2020-11-19,499.04998779296875,513.7999877929688,496.0,511.29998779296875,2069434,,NSE
CUMMINSIND,2020-11-20,514.0,519.0499877929688,505.04998779296875,510.3999938964844,1000669,,NSE
CUMMINSIND,2020-11-23,507.0,521.5999755859375,507.0,512.4000244140625,962368,,NSE
CUMMINSIND,2020-11-24,515.0,533.0,514.0,527.8499755859375,1020271,,NSE
CUMMINSIND,2020-11-25,531.0,531.9500122070312,522.0499877929688,526.8499755859375,676412,,NSE
CUMMINSIND,2020-11-26,525.0,536.6500244140625,517.0499877929688,533.6500244140625,1550087,,NSE
CUMMINSIND,2020-11-27,533.0,597.5,530.0,586.0,6312831,,NSE
CUMMINSIND,2020-12-01,585.9500122070312,586.0499877929688,569.0,578.4500122070312,1003872,,NSE
CUMMINSIND,2020-12-02,577.6500244140625,579.9500122070312,565.25,575.7999877929688,785663,,NSE
CUMMINSIND,2020-12-03,576.9500122070312,585.5499877929688,568.6500244140625,572.4500122070312,815720,,NSE
CUMMINSIND,2020-12-04,575.0,582.25,563.5499877929688,567.4000244140625,786542,,NSE
CUMMINSIND,2020-12-07,570.4000244140625,579.2999877929688,564.2999877929688,567.9500122070312,822982,,NSE
CUMMINSIND,2020-12-08,569.9000244140625,576.0,552.5999755859375,559.9500122070312,881862,,NSE
CUMMINSIND,2020-12-09,559.5,596.0,555.4500122070312,590.75,3543808,,NSE
CUMMINSIND,2020-12-10,600.0,610.0,571.25,582.5,5622070,,NSE
CUMMINSIND,2020-12-11,583.0,593.2999877929688,578.2000122070312,582.6500244140625,1564801,,NSE
CUMMINSIND,2020-12-14,585.5499877929688,609.5,584.0,607.6500244140625,2356361,,NSE
CUMMINSIND,2020-12-15,611.6500244140625,613.2999877929688,594.25,600.0999755859375,1577660,,NSE
CUMMINSIND,2020-12-16,603.0999755859375,605.5999755859375,592.0,595.0999755859375,1530565,,NSE
CUMMINSIND,2020-12-17,596.0499877929688,607.0,585.0,589.25,1064637,,NSE
CUMMINSIND,2020-12-18,588.9500122070312,616.0,584.8499755859375,612.0499877929688,3043164,,NSE
CUMMINSIND,2020-12-21,611.0,616.0499877929688,565.1500244140625,576.0999755859375,2236130,,NSE
CUMMINSIND,2020-12-22,576.0999755859375,586.0,556.25,576.6500244140625,1787973,,NSE
CUMMINSIND,2020-12-23,579.0,590.5,577.0,584.2999877929688,1185209,,NSE
CUMMINSIND,2020-12-24,588.0,593.5499877929688,571.2999877929688,574.5499877929688,1179334,,NSE
CUMMINSIND,2020-12-28,578.2999877929688,584.4000244140625,564.4500122070312,569.0,1644095,,NSE
CUMMINSIND,2020-12-29,574.0,577.0999755859375,565.1500244140625,569.0,1115831,,NSE
CUMMINSIND,2020-12-30,571.7999877929688,586.0,567.1500244140625,571.6500244140625,2212476,,NSE
CUMMINSIND,2020-12-31,573.0,578.4500122070312,569.5,574.5499877929688,937682,,NSE
CUMMINSIND,2021-01-01,575.5,584.5,572.0,581.3499755859375,897472,,NSE
CUMMINSIND,2021-01-04,585.0,613.5999755859375,584.5,609.25,2593184,,NSE
CUMMINSIND,2021-01-05,609.0999755859375,624.4500122070312,603.2999877929688,616.0,2563883,,NSE
CUMMINSIND,2021-01-06,616.0,623.7000122070312,602.1500244140625,610.3499755859375,1426472,,NSE
CUMMINSIND,2021-01-07,615.0,646.2999877929688,612.0,643.2999877929688,2347094,,NSE
CUMMINSIND,2021-01-08,647.7999877929688,648.0,626.0,635.0,1843346,,NSE
CUMMINSIND,2021-01-11,637.0,638.8499755859375,620.75,624.0499877929688,1291025,,NSE
CUMMINSIND,2021-01-12,622.0,632.25,619.4500122070312,623.2000122070312,1598149,,NSE
CUMMINSIND,2021-01-13,629.0999755859375,629.0999755859375,605.0,611.0499877929688,1519267,,NSE
CUMMINSIND,2021-01-14,615.0,619.5,608.0,616.9000244140625,909426,,NSE
CUMMINSIND,2021-01-15,618.0,621.9500122070312,597.5499877929688,601.6500244140625,1241426,,NSE
CUMMINSIND,2021-01-18,601.7000122070312,604.5999755859375,583.3499755859375,594.1500244140625,1020263,,NSE
CUMMINSIND,2021-01-19,595.0,619.9500122070312,595.0,617.3499755859375,1364200,,NSE
CUMMINSIND,2021-01-20,621.0,622.9000244140625,612.0499877929688,618.3499755859375,1053480,,NSE
CUMMINSIND,2021-01-21,622.0,627.5999755859375,593.25,601.2000122070312,1389016,,NSE
CUMMINSIND,2021-01-22,604.2000122070312,620.9000244140625,598.2000122070312,615.8499755859375,1436902,,NSE
CUMMINSIND,2021-01-25,617.0,622.8499755859375,601.4500122070312,610.5,950878,,NSE
CUMMINSIND,2021-01-27,613.9500122070312,628.5499877929688,607.75,624.4500122070312,2875863,,NSE
CUMMINSIND,2021-01-28,620.0,640.0,614.5499877929688,637.0999755859375,2668310,,NSE
CUMMINSIND,2021-01-29,645.0,689.5,637.0,666.3499755859375,7382301,,NSE
CUMMINSIND,2021-02-01,664.9000244140625,737.0,654.25,730.0,4025736,,NSE
CUMMINSIND,2021-02-02,730.0,799.7999877929688,730.0,759.75,7499430,,NSE
CUMMINSIND,2021-02-03,762.0,780.0,748.0499877929688,763.7000122070312,1420512,,NSE
CUMMINSIND,2021-02-04,760.0,789.25,757.0499877929688,784.5,1372037,,NSE
CUMMINSIND,2021-02-05,780.0,794.7999877929688,777.8499755859375,787.0,1027482,,NSE
CUMMINSIND,2021-02-08,786.6500244140625,799.0,776.9000244140625,792.25,961871,,NSE
CUMMINSIND,2021-02-09,790.0,791.7999877929688,769.0499877929688,774.0999755859375,515443,,NSE
CUMMINSIND,2021-02-10,774.0,798.7999877929688,769.7000122070312,795.2000122070312,1191178,,NSE
CUMMINSIND,2021-02-11,799.2999877929688,807.9000244140625,772.0999755859375,773.75,1412790,,NSE
CUMMINSIND,2021-02-12,777.0,778.1500244140625,750.2999877929688,753.75,1112501,,NSE
CUMMINSIND,2021-02-15,759.7000122070312,764.9000244140625,746.6500244140625,761.3499755859375,716808,,NSE
CUMMINSIND,2021-02-16,768.5,776.2999877929688,761.5499877929688,766.3499755859375,1293232,,NSE
CUMMINSIND,2021-02-17,769.75,794.0499877929688,762.3499755859375,791.0499877929688,1332822,,NSE
CUMMINSIND,2021-02-18,798.0,805.0,765.9500122070312,774.2999877929688,2615406,,NSE
CUMMINSIND,2021-02-19,774.2999877929688,785.0,753.2999877929688,769.7000122070312,833264,,NSE
CUMMINSIND,2021-02-22,769.7000122070312,776.9500122070312,760.2999877929688,766.3499755859375,580147,,NSE
CUMMINSIND,2021-02-23,768.2000122070312,808.75,765.0,801.5,2416382,,NSE
CUMMINSIND,2021-02-24,814.4000244140625,819.7000122070312,780.0499877929688,792.7999877929688,2177256,,NSE
CUMMINSIND,2021-02-25,793.0,822.0,792.0,805.0999755859375,2507715,,NSE
CUMMINSIND,2021-02-26,794.0,801.8499755859375,777.0,787.75,1047053,,NSE
CUMMINSIND,2021-03-01,782.2000122070312,802.0,782.2000122070312,800.6500244140625,820946,,NSE
CUMMINSIND,2021-03-02,803.5999755859375,826.8499755859375,803.5999755859375,818.4500122070312,1561606,,NSE
CUMMINSIND,2021-03-03,822.5,882.9500122070312,822.5,864.4500122070312,5093443,,NSE
CUMMINSIND,2021-03-04,859.0,898.9000244140625,855.0499877929688,893.9500122070312,2291998,,NSE
CUMMINSIND,2021-03-05,889.9000244140625,893.8499755859375,844.5,853.7000122070312,1720949,,NSE
CUMMINSIND,2021-03-08,853.6500244140625,893.75,844.0,881.0499877929688,2415261,,NSE
CUMMINSIND,2021-03-09,881.5,888.4500122070312,852.6500244140625,857.5,1032759,,NSE
CUMMINSIND,2021-03-10,865.0,882.4000244140625,860.4500122070312,879.3499755859375,1138075,,NSE
CUMMINSIND,2021-03-12,885.0,922.75,880.0499877929688,883.9000244140625,4138878,,NSE
CUMMINSIND,2021-03-15,885.5999755859375,889.3499755859375,856.25,862.8499755859375,1224661,,NSE
CUMMINSIND,2021-03-16,868.7999877929688,875.7000122070312,852.0499877929688,859.3499755859375,1122074,,NSE
CUMMINSIND,2021-03-17,857.0,865.6500244140625,835.4500122070312,839.0499877929688,1118124,,NSE
CUMMINSIND,2021-03-18,850.2000122070312,872.0,848.0499877929688,858.2999877929688,1822115,,NSE
CUMMINSIND,2021-03-19,841.8499755859375,906.9000244140625,841.8499755859375,896.4500122070312,2575250,,NSE
CUMMINSIND,2021-03-22,900.0,910.0,888.0,894.3499755859375,868118,,NSE
CUMMINSIND,2021-03-23,889.9000244140625,898.7999877929688,873.0499877929688,892.5,1072058,,NSE
CUMMINSIND,2021-03-24,889.0,889.0,862.3499755859375,865.5,867026,,NSE
CUMMINSIND,2021-03-25,868.5,872.0,829.0,855.5499877929688,1484307,,NSE
CUMMINSIND,2021-03-26,865.0,876.5999755859375,823.5,869.4000244140625,845909,,NSE
CUMMINSIND,2021-03-30,874.0,907.9000244140625,867.75,897.9000244140625,1413577,,NSE
CUMMINSIND,2021-03-31,897.9000244140625,925.0,886.7999877929688,919.6500244140625,1419494,,NSE
CUMMINSIND,2021-04-01,929.5,934.25,888.2000122070312,895.3499755859375,1546599,,NSE
CUMMINSIND,2021-04-05,889.0,904.0,868.7999877929688,882.0499877929688,858911,,NSE
CUMMINSIND,2021-04-06,883.1500244140625,895.0,873.5999755859375,879.0999755859375,591892,,NSE
CUMMINSIND,2021-04-07,883.0,902.0,880.6500244140625,888.5499877929688,1058739,,NSE
CUMMINSIND,2021-04-08,889.9000244140625,901.75,881.4500122070312,885.8499755859375,600468,,NSE
CUMMINSIND,2021-04-09,885.8499755859375,891.9500122070312,864.5999755859375,870.9500122070312,739583,,NSE
CUMMINSIND,2021-04-12,868.25,868.9000244140625,814.0,818.4500122070312,592537,,NSE
CUMMINSIND,2021-04-13,810.0999755859375,843.5999755859375,804.0,839.6500244140625,816561,,NSE
CUMMINSIND,2021-04-15,839.6500244140625,857.7999877929688,830.5,848.5499877929688,520399,,NSE
CUMMINSIND,2021-04-16,852.5,865.0499877929688,840.0,849.0999755859375,410768,,NSE
CUMMINSIND,2021-04-19,825.0,870.0999755859375,817.5999755859375,840.0,773487,,NSE
CUMMINSIND,2021-04-20,842.0,855.0,824.25,833.4000244140625,407772,,NSE
CUMMINSIND,2021-04-22,833.4000244140625,859.0,825.0,856.5499877929688,415850,,NSE
CUMMINSIND,2021-04-23,858.0,868.9000244140625,844.2999877929688,850.5,955435,,NSE
CUMMINSIND,2021-04-26,850.6500244140625,882.0,850.5,876.75,1150871,,NSE
CUMMINSIND,2021-04-27,884.4000244140625,899.1500244140625,868.6500244140625,895.1500244140625,1520592,,NSE
CUMMINSIND,2021-04-28,896.0,907.5999755859375,879.1500244140625,882.5,881427,,NSE
CUMMINSIND,2021-04-29,887.0,892.5499877929688,855.0,858.0,1075088,,NSE
CUMMINSIND,2021-04-30,861.0999755859375,861.3499755859375,833.4500122070312,837.5999755859375,637991,,NSE
CUMMINSIND,2021-05-03,832.0,841.5999755859375,821.5999755859375,837.5,737792,,NSE
CUMMINSIND,2021-05-04,845.0,853.0,835.0999755859375,845.2999877929688,754444,,NSE
CUMMINSIND,2021-05-05,840.5499877929688,858.0,833.7999877929688,852.25,869383,,NSE
CUMMINSIND,2021-05-06,853.25,859.8499755859375,837.0499877929688,839.8499755859375,543158,,NSE
CUMMINSIND,2021-05-07,843.0,845.4500122070312,836.0999755859375,838.1500244140625,307073,,NSE
CUMMINSIND,2021-05-10,837.0,845.0,827.3499755859375,829.7000122070312,1104127,,NSE
CUMMINSIND,2021-05-11,825.0999755859375,846.7999877929688,806.0,829.5499877929688,1071007,,NSE
CUMMINSIND,2021-05-12,830.7999877929688,869.0,828.6500244140625,832.9500122070312,2579689,,NSE
CUMMINSIND,2021-05-14,839.9500122070312,843.1500244140625,811.0,816.4500122070312,562288,,NSE
CUMMINSIND,2021-05-17,817.9500122070312,820.4000244140625,796.0999755859375,806.0,930488,,NSE
CUMMINSIND,2021-05-18,810.2000122070312,852.4000244140625,810.2000122070312,836.4000244140625,1897253,,NSE
CUMMINSIND,2021-05-19,841.9000244140625,858.0,833.9000244140625,836.2000122070312,1047739,,NSE
CUMMINSIND,2021-05-20,836.0,866.5499877929688,830.0499877929688,848.5,1804044,,NSE
CUMMINSIND,2021-05-21,852.0,859.2000122070312,830.0,833.5,1404966,,NSE
CUMMINSIND,2021-05-24,835.3499755859375,851.0,831.0999755859375,839.8499755859375,849667,,NSE
CUMMINSIND,2021-05-25,844.0,854.0,805.0,808.5499877929688,2094171,,NSE
CUMMINSIND,2021-05-26,814.7000122070312,831.9500122070312,796.7999877929688,802.6500244140625,1800521,,NSE
CUMMINSIND,2021-05-27,783.0,803.25,747.0,771.75,8431138,,NSE
CUMMINSIND,2021-05-28,781.5999755859375,805.0,776.0999755859375,791.0499877929688,3272553,,NSE
CUMMINSIND,2021-05-31,789.5,794.7999877929688,777.5,786.9000244140625,1417432,,NSE
CUMMINSIND,2021-06-01,791.0999755859375,794.1500244140625,771.75,779.8499755859375,829538,,NSE
CUMMINSIND,2021-06-02,779.9000244140625,797.25,778.0999755859375,794.3499755859375,688179,,NSE
CUMMINSIND,2021-06-03,795.0,814.7999877929688,792.1500244140625,809.0499877929688,1802557,,NSE
CUMMINSIND,2021-06-04,812.5,820.9000244140625,804.5,810.7000122070312,1613019,,NSE
CUMMINSIND,2021-06-07,811.0,824.0,811.0,812.9500122070312,892435,,NSE
CUMMINSIND,2021-06-08,817.2000122070312,824.5,808.5,816.4000244140625,756283,,NSE
CUMMINSIND,2021-06-09,820.0,844.0,813.0999755859375,825.5499877929688,2275027,,NSE
CUMMINSIND,2021-06-10,826.6500244140625,844.7999877929688,826.5999755859375,839.5999755859375,1807203,,NSE
CUMMINSIND,2021-06-11,843.9000244140625,843.9000244140625,830.2000122070312,833.0999755859375,1129896,,NSE
CUMMINSIND,2021-06-14,835.5,835.5,811.0999755859375,829.9000244140625,672798,,NSE
CUMMINSIND,2021-06-15,834.0,850.0,826.4500122070312,846.5499877929688,1581089,,NSE
CUMMINSIND,2021-06-16,845.9500122070312,855.4000244140625,833.5999755859375,848.9000244140625,2097530,,NSE
CUMMINSIND,2021-06-17,848.9000244140625,848.9000244140625,831.5,839.4000244140625,1099474,,NSE
CUMMINSIND,2021-06-18,845.0,845.0,818.0,833.0499877929688,1079697,,NSE
CUMMINSIND,2021-06-21,825.0,832.6500244140625,819.5,824.9000244140625,583316,,NSE
CUMMINSIND,2021-06-22,829.2000122070312,844.0499877929688,827.5499877929688,833.3499755859375,736130,,NSE
CUMMINSIND,2021-06-23,845.0,845.5,823.6500244140625,825.5499877929688,558645,,NSE
CUMMINSIND,2021-06-24,827.0,839.0,825.5499877929688,831.8499755859375,793824,,NSE
CUMMINSIND,2021-06-25,832.0,865.9000244140625,832.0,857.9500122070312,2302682,,NSE
CUMMINSIND,2021-06-28,868.0,876.0,857.0999755859375,871.9000244140625,1916265,,NSE
CUMMINSIND,2021-06-29,871.7999877929688,879.25,841.5499877929688,850.9500122070312,950940,,NSE
CUMMINSIND,2021-06-30,865.0,904.8499755859375,863.0,899.5,6332967,,NSE
CUMMINSIND,2021-07-01,904.9500122070312,910.0,886.0999755859375,889.5999755859375,2181638,,NSE
CUMMINSIND,2021-07-02,896.0,896.1500244140625,875.4000244140625,881.3499755859375,679515,,NSE
CUMMINSIND,2021-07-05,881.3499755859375,895.5,875.7000122070312,880.5999755859375,732396,,NSE
CUMMINSIND,2021-07-06,880.9000244140625,888.0,867.5,869.3499755859375,673591,,NSE
CUMMINSIND,2021-07-07,869.9000244140625,885.7999877929688,860.75,866.9500122070312,1087702,,NSE
CUMMINSIND,2021-07-08,868.5,887.0,861.5,867.4500122070312,728453,,NSE
CUMMINSIND,2021-07-09,870.9500122070312,872.0499877929688,856.2000122070312,862.0,660070,,NSE
CUMMINSIND,2021-07-12,862.25,869.7000122070312,850.0999755859375,856.75,805912,,NSE
CUMMINSIND,2021-07-13,864.5,867.9500122070312,854.6500244140625,862.0499877929688,324728,,NSE
CUMMINSIND,2021-07-14,862.0,873.75,858.0,859.9000244140625,757649,,NSE
CUMMINSIND,2021-07-15,863.0,885.2000122070312,862.0,874.1500244140625,1446545,,NSE
CUMMINSIND,2021-07-16,877.9500122070312,877.9500122070312,854.7000122070312,857.5,481154,,NSE
CUMMINSIND,2021-07-19,857.0,866.8499755859375,846.2000122070312,861.5999755859375,753116,,NSE
CUMMINSIND,2021-07-20,861.5999755859375,866.9000244140625,841.5999755859375,853.8499755859375,535458,,NSE
CUMMINSIND,2021-07-22,865.0,872.9000244140625,860.0,864.9500122070312,583591,,NSE
CUMMINSIND,2021-07-23,871.0,871.0,853.5499877929688,858.2999877929688,398781,,NSE
CUMMINSIND,2021-07-26,858.0,864.8499755859375,850.0,851.9000244140625,321947,,NSE
CUMMINSIND,2021-07-27,852.0,863.5,843.7999877929688,845.6500244140625,423068,,NSE
CUMMINSIND,2021-07-28,848.0,848.7999877929688,821.5999755859375,836.5999755859375,755307,,NSE
CUMMINSIND,2021-07-29,836.5999755859375,845.4500122070312,831.0,842.0499877929688,557740,,NSE
CUMMINSIND,2021-07-30,842.0999755859375,858.2000122070312,841.4500122070312,852.4000244140625,443239,,NSE
CUMMINSIND,2021-08-02,852.9500122070312,871.25,852.9500122070312,860.4500122070312,482392,,NSE
CUMMINSIND,2021-08-03,866.0,914.0,864.9500122070312,909.7000122070312,2275514,,NSE
CUMMINSIND,2021-08-04,911.4500122070312,925.0,891.5,894.6500244140625,2333513,,NSE
CUMMINSIND,2021-08-05,899.9500122070312,921.3499755859375,882.8499755859375,905.3499755859375,1405685,,NSE
CUMMINSIND,2021-08-06,905.4000244140625,917.5999755859375,896.3499755859375,900.9000244140625,646165,,NSE
CUMMINSIND,2021-08-09,909.0499877929688,943.5,903.0,908.9000244140625,3950297,,NSE
CUMMINSIND,2021-08-10,913.0,951.0,905.0999755859375,945.0499877929688,3247779,,NSE
CUMMINSIND,2021-08-11,949.0,954.0,911.0,944.75,2618584,,NSE
CUMMINSIND,2021-08-12,924.0,972.0,918.2000122070312,948.9000244140625,3816364,,NSE
CUMMINSIND,2021-08-13,948.9500122070312,989.4500122070312,947.7000122070312,975.5499877929688,4501067,,NSE
CUMMINSIND,2021-08-16,983.0,994.9000244140625,976.0,984.0,1977288,,NSE
CUMMINSIND,2021-08-17,984.0,1026.8499755859375,975.5,1019.7000122070312,3360843,,NSE
CUMMINSIND,2021-08-18,1021.0,1034.75,1013.25,1030.0,1643945,,NSE
CUMMINSIND,2021-08-20,1017.0,1025.800048828125,986.2999877929688,992.0499877929688,934309,,NSE
CUMMINSIND,2021-08-23,1000.0,1022.4000244140625,973.0499877929688,975.5,1165189,,NSE
CUMMINSIND,2021-08-24,983.4000244140625,1004.0,980.0,996.25,852140,,NSE
CUMMINSIND,2021-08-25,1004.9000244140625,1009.2000122070312,987.4500122070312,989.7000122070312,528146,,NSE
CUMMINSIND,2021-08-26,996.0,997.5499877929688,979.0,981.0999755859375,997156,,NSE
CUMMINSIND,2021-08-27,982.0999755859375,986.0,971.75,980.0,656459,,NSE
CUMMINSIND,2021-08-30,980.0,1002.9500122070312,980.0,999.4000244140625,749688,,NSE
CUMMINSIND,2021-08-31,1001.2000122070312,1008.5,994.5,999.1500244140625,413161,,NSE
CUMMINSIND,2021-09-01,1000.0,1015.9500122070312,996.0499877929688,1005.9500122070312,653535,,NSE
CUMMINSIND,2021-09-02,1010.0,1043.800048828125,1007.3499755859375,1040.300048828125,1457864,,NSE
CUMMINSIND,2021-09-03,1045.75,1049.4000244140625,1017.6500244140625,1025.949951171875,923886,,NSE
CUMMINSIND,2021-09-06,1025.0,1049.9000244140625,1021.0,1047.300048828125,579889,,NSE
CUMMINSIND,2021-09-07,1054.0,1064.449951171875,1034.0,1039.449951171875,1233627,,NSE
CUMMINSIND,2021-09-08,1039.949951171875,1057.449951171875,1033.0,1041.550048828125,643045,,NSE
CUMMINSIND,2021-09-09,1033.0999755859375,1064.25,1033.0999755859375,1044.0,1222854,,NSE
CUMMINSIND,2021-09-13,1050.0,1055.0,1035.0,1044.1500244140625,448594,,NSE
CUMMINSIND,2021-09-14,1045.0,1049.300048828125,1026.75,1038.6500244140625,481487,,NSE
CUMMINSIND,2021-09-15,1041.9000244140625,1050.6500244140625,1037.699951171875,1041.300048828125,393516,,NSE
CUMMINSIND,2021-09-16,1040.1500244140625,1048.949951171875,1025.050048828125,1032.050048828125,455660,,NSE
CUMMINSIND,2021-09-17,1039.0,1041.1500244140625,996.75,1007.7000122070312,904354,,NSE
CUMMINSIND,2021-09-20,1007.7000122070312,1022.5,976.0499877929688,984.2000122070312,668143,,NSE
CUMMINSIND,2021-09-21,992.5,1007.0999755859375,968.6500244140625,990.6500244140625,600629,,NSE
CUMMINSIND,2021-09-22,993.0999755859375,1026.3499755859375,987.5499877929688,1022.2000122070312,710873,,NSE
CUMMINSIND,2021-09-23,1030.699951171875,1039.300048828125,1015.0,1027.800048828125,454649,,NSE
CUMMINSIND,2021-09-24,1030.0,1041.25,990.5999755859375,994.7999877929688,533414,,NSE
CUMMINSIND,2021-09-27,1004.0499877929688,1004.9000244140625,983.1500244140625,998.4000244140625,335525,,NSE
CUMMINSIND,2021-09-28,997.0499877929688,1023.0,995.0,1001.5,438399,,NSE
CUMMINSIND,2021-09-29,1003.75,1011.9500122070312,993.0,996.9500122070312,270602,,NSE
CUMMINSIND,2021-09-30,932.0,1000.0,932.0,991.9500122070312,744956,,NSE
CUMMINSIND,2021-10-01,987.7999877929688,987.7999877929688,878.1500244140625,918.0999755859375,9096073,,NSE
CUMMINSIND,2021-10-04,918.2000122070312,932.2000122070312,888.4500122070312,893.2999877929688,5686783,,NSE
CUMMINSIND,2021-10-05,890.0,903.5499877929688,885.4000244140625,899.8499755859375,1292721,,NSE
CUMMINSIND,2021-10-06,901.0,915.0,876.6500244140625,882.5999755859375,1533500,,NSE
CUMMINSIND,2021-10-07,886.5999755859375,902.7000122070312,885.5999755859375,896.9000244140625,978399,,NSE
CUMMINSIND,2021-10-08,905.0,907.9000244140625,875.0999755859375,883.5999755859375,1057034,,NSE
CUMMINSIND,2021-10-11,889.0,912.0,883.5999755859375,909.4000244140625,1083385,,NSE
CUMMINSIND,2021-10-12,915.0,918.0,894.25,899.4000244140625,594370,,NSE
CUMMINSIND,2021-10-13,907.0,911.0499877929688,895.6500244140625,898.0499877929688,456620,,NSE
CUMMINSIND,2021-10-14,902.7000122070312,915.0,894.75,903.1500244140625,890689,,NSE
CUMMINSIND,2021-10-18,915.0,929.9500122070312,903.1500244140625,910.2000122070312,1187657,,NSE
CUMMINSIND,2021-10-19,914.9500122070312,952.0,904.0,908.2999877929688,1935874,,NSE
CUMMINSIND,2021-10-20,914.9000244140625,921.3499755859375,871.0499877929688,883.1500244140625,1384833,,NSE
CUMMINSIND,2021-10-21,886.0,897.3499755859375,871.0,881.0999755859375,1543769,,NSE
CUMMINSIND,2021-10-22,891.0,910.0,881.5499877929688,885.25,956330,,NSE
CUMMINSIND,2021-10-25,887.0,893.5,849.5,868.5499877929688,1048967,,NSE
CUMMINSIND,2021-10-26,868.5499877929688,887.0,865.3499755859375,875.3499755859375,654920,,NSE
CUMMINSIND,2021-10-27,875.0,904.75,875.0,894.5999755859375,1374702,,NSE
CUMMINSIND,2021-10-28,927.7999877929688,950.0,884.0,894.9000244140625,4091480,,NSE
CUMMINSIND,2021-10-29,890.0,912.2999877929688,868.0999755859375,895.7000122070312,1394234,,NSE
CUMMINSIND,2021-11-01,896.0,923.6500244140625,896.0,912.75,1211268,,NSE
CUMMINSIND,2021-11-02,912.4000244140625,923.0,899.4000244140625,911.9500122070312,624307,,NSE
CUMMINSIND,2021-11-03,911.9500122070312,914.2000122070312,888.0,895.5499877929688,933131,,NSE
CUMMINSIND,2021-11-04,906.5,906.5,891.0,899.5499877929688,34666,,NSE
CUMMINSIND,2021-11-08,901.7000122070312,922.0,900.0499877929688,911.8499755859375,734400,,NSE
CUMMINSIND,2021-11-09,916.4000244140625,924.9500122070312,910.0,921.9500122070312,1040287,,NSE
CUMMINSIND,2021-11-10,923.0,939.0,916.4500122070312,924.5499877929688,1736346,,NSE
CUMMINSIND,2021-11-11,924.0,928.75,911.25,917.2000122070312,527215,,NSE
CUMMINSIND,2021-11-12,924.9500122070312,936.2000122070312,919.75,922.8499755859375,398802,,NSE
CUMMINSIND,2021-11-15,927.9000244140625,935.5,918.8499755859375,925.3499755859375,876359,,NSE
CUMMINSIND,2021-11-16,925.0,937.4500122070312,921.0,926.6500244140625,579065,,NSE
CUMMINSIND,2021-11-17,923.0,929.9000244140625,918.3499755859375,924.4000244140625,322082,,NSE
CUMMINSIND,2021-11-18,921.0,929.75,903.0499877929688,915.3499755859375,618377,,NSE
CUMMINSIND,2021-11-22,913.7000122070312,924.7000122070312,868.3499755859375,879.4500122070312,699130,,NSE
CUMMINSIND,2021-11-23,877.7999877929688,900.5,867.4000244140625,895.7999877929688,352603,,NSE
CUMMINSIND,2021-11-24,897.0,901.9000244140625,892.2000122070312,897.25,532358,,NSE
CUMMINSIND,2021-11-25,896.5499877929688,905.0,879.5,895.25,582157,,NSE
CUMMINSIND,2021-11-26,891.0,894.7000122070312,864.2000122070312,875.25,508067,,NSE
CUMMINSIND,2021-11-29,874.0,879.9500122070312,842.0,874.0499877929688,461771,,NSE
CUMMINSIND,2021-11-30,874.0499877929688,898.75,873.0,878.5,407386,,NSE
CUMMINSIND,2021-12-01,880.0,917.9000244140625,880.0,915.25,1143468,,NSE
CUMMINSIND,2021-12-02,913.0,922.75,908.0,919.5499877929688,530045,,NSE
CUMMINSIND,2021-12-03,919.0,941.1500244140625,917.0999755859375,921.5,682024,,NSE
CUMMINSIND,2021-12-06,924.5,939.0,915.0,924.4000244140625,543727,,NSE
CUMMINSIND,2021-12-07,928.0,952.2999877929688,923.0,943.75,958045,,NSE
CUMMINSIND,2021-12-08,952.25,956.4500122070312,940.0,945.2000122070312,693560,,NSE
CUMMINSIND,2021-12-09,947.2999877929688,951.1500244140625,940.3499755859375,945.1500244140625,506043,,NSE
CUMMINSIND,2021-12-10,950.0499877929688,995.0,946.0,973.0999755859375,1868676,,NSE
CUMMINSIND,2021-12-13,987.9500122070312,1000.9500122070312,977.25,993.9000244140625,1182294,,NSE
CUMMINSIND,2021-12-14,983.0,988.75,959.2000122070312,963.7999877929688,652333,,NSE
CUMMINSIND,2021-12-15,968.9000244140625,972.8499755859375,935.0,937.5,360472,,NSE
CUMMINSIND,2021-12-16,947.0,954.3499755859375,933.5,938.75,420664,,NSE
CUMMINSIND,2021-12-17,938.75,941.5,914.0,915.7000122070312,589258,,NSE
CUMMINSIND,2021-12-20,912.0,912.3499755859375,878.4500122070312,894.3499755859375,443183,,NSE
CUMMINSIND,2021-12-21,891.0499877929688,912.9500122070312,891.0499877929688,901.9000244140625,331318,,NSE
CUMMINSIND,2021-12-22,902.0,929.2000122070312,900.5999755859375,925.7999877929688,599748,,NSE
CUMMINSIND,2021-12-23,934.0,939.25,921.0,934.75,365411,,NSE
CUMMINSIND,2021-12-24,934.75,935.0499877929688,915.0999755859375,918.4000244140625,220755,,NSE
CUMMINSIND,2021-12-27,915.0,928.9500122070312,910.5999755859375,919.5499877929688,227959,,NSE
CUMMINSIND,2021-12-28,927.4000244140625,942.3499755859375,925.1500244140625,939.4000244140625,327873,,NSE
CUMMINSIND,2021-12-29,939.0499877929688,947.4500122070312,935.25,938.9500122070312,251667,,NSE
CUMMINSIND,2021-12-30,930.4000244140625,945.0,925.9500122070312,932.4000244140625,352159,,NSE
CUMMINSIND,2021-12-31,932.4000244140625,944.4000244140625,931.0,941.7999877929688,144411,,NSE
CUMMINSIND,2022-01-03,942.3499755859375,954.7000122070312,938.9000244140625,942.25,151922,,NSE
CUMMINSIND,2022-01-04,947.1500244140625,958.2000122070312,935.1500244140625,949.4500122070312,236996,,NSE
CUMMINSIND,2022-01-05,948.0,948.0,927.25,929.2999877929688,471227,,NSE
CUMMINSIND,2022-01-06,906.0,944.9000244140625,906.0,941.6500244140625,714262,,NSE
CUMMINSIND,2022-01-07,945.0,946.0999755859375,935.3499755859375,943.5499877929688,217166,,NSE
CUMMINSIND,2022-01-10,940.0,956.0,934.9500122070312,952.1500244140625,453512,,NSE
CUMMINSIND,2022-01-11,954.0,985.0,948.2999877929688,974.7999877929688,640620,,NSE
CUMMINSIND,2022-01-12,983.5999755859375,983.5999755859375,963.0,974.2000122070312,201156,,NSE
CUMMINSIND,2022-01-13,974.2000122070312,980.25,964.0,975.4500122070312,302741,,NSE
CUMMINSIND,2022-01-14,977.0,1018.0,968.0,986.8499755859375,1457453,,NSE
CUMMINSIND,2022-01-17,998.0,1009.2000122070312,986.0,1001.75,479224,,NSE
CUMMINSIND,2022-01-18,1007.0,1025.8499755859375,981.0,987.8499755859375,870391,,NSE
CUMMINSIND,2022-01-19,988.0,991.9000244140625,950.7999877929688,964.5499877929688,1298605,,NSE
CUMMINSIND,2022-01-20,964.0,964.0,940.5499877929688,948.0499877929688,1794379,,NSE
CUMMINSIND,2022-01-21,948.0,948.0,910.0,921.2999877929688,527085,,NSE
CUMMINSIND,2022-01-24,920.0,927.75,888.9000244140625,896.0999755859375,899243,,NSE
CUMMINSIND,2022-01-25,888.2000122070312,933.7000122070312,877.2000122070312,929.4000244140625,736229,,NSE
CUMMINSIND,2022-01-27,928.4500122070312,928.4500122070312,899.8499755859375,906.5499877929688,435590,,NSE
CUMMINSIND,2022-01-28,915.0,944.7999877929688,915.0,933.7000122070312,357392,,NSE
CUMMINSIND,2022-01-31,945.9000244140625,947.2999877929688,933.7000122070312,942.0,234218,,NSE
CUMMINSIND,2022-02-01,949.7999877929688,960.0,937.0999755859375,952.1500244140625,232623,,NSE
CUMMINSIND,2022-02-02,967.9500122070312,994.8499755859375,943.8499755859375,947.8499755859375,1896737,,NSE
CUMMINSIND,2022-02-03,950.0,952.5999755859375,922.2000122070312,926.5999755859375,359291,,NSE
CUMMINSIND,2022-02-04,930.0,932.1500244140625,915.0499877929688,922.5,337862,,NSE
CUMMINSIND,2022-02-07,915.4000244140625,925.9000244140625,905.0,910.0,191141,,NSE
CUMMINSIND,2022-02-08,914.5499877929688,918.1500244140625,898.75,907.8499755859375,252050,,NSE
CUMMINSIND,2022-02-09,904.0499877929688,935.0,904.0499877929688,932.2000122070312,248726,,NSE
CUMMINSIND,2022-02-10,932.2999877929688,942.25,919.4500122070312,930.2000122070312,710697,,NSE
CUMMINSIND,2022-02-11,920.5,955.0,920.5,938.8499755859375,1073008,,NSE
CUMMINSIND,2022-02-14,921.5499877929688,966.25,919.0,953.6500244140625,2047449,,NSE
CUMMINSIND,2022-02-15,966.0,966.0,939.0999755859375,951.2999877929688,832141,,NSE
CUMMINSIND,2022-02-16,960.9000244140625,960.9000244140625,942.2999877929688,957.5499877929688,1192259,,NSE
CUMMINSIND,2022-02-17,965.0,992.0,956.5499877929688,985.2000122070312,1504969,,NSE
CUMMINSIND,2022-02-18,983.0,1003.0,971.2000122070312,974.7999877929688,1473610,,NSE
CUMMINSIND,2022-02-21,966.5,979.4500122070312,955.25,970.6500244140625,330919,,NSE
CUMMINSIND,2022-02-22,931.2999877929688,961.4500122070312,931.2999877929688,950.25,583726,,NSE
CUMMINSIND,2022-02-23,963.0,974.9500122070312,952.5499877929688,965.5,323259,,NSE
CUMMINSIND,2022-02-24,937.0,957.75,919.25,927.7000122070312,425308,,NSE
CUMMINSIND,2022-02-25,950.0,963.9000244140625,934.0,959.5999755859375,491736,,NSE
CUMMINSIND,2022-02-28,953.0,959.5499877929688,936.2000122070312,957.25,199733,,NSE
CUMMINSIND,2022-03-02,950.9500122070312,969.9000244140625,945.1500244140625,963.25,389889,,NSE
CUMMINSIND,2022-03-03,985.0,985.0,948.4500122070312,951.0,270549,,NSE
CUMMINSIND,2022-03-04,942.0,967.0,938.0499877929688,949.7000122070312,667925,,NSE
CUMMINSIND,2022-03-07,942.25,964.7999877929688,909.1500244140625,942.5499877929688,405357,,NSE
CUMMINSIND,2022-03-08,947.0,952.4500122070312,925.0999755859375,945.4500122070312,325198,,NSE
CUMMINSIND,2022-03-09,947.9000244140625,1002.2000122070312,945.0,1000.3499755859375,1044481,,NSE
CUMMINSIND,2022-03-10,1010.3499755859375,1028.0,982.25,994.6500244140625,893014,,NSE
CUMMINSIND,2022-03-11,987.0,1008.0,981.2999877929688,995.6500244140625,424501,,NSE
CUMMINSIND,2022-03-14,996.0,1047.199951171875,996.0,1031.3499755859375,1164727,,NSE
CUMMINSIND,2022-03-15,1038.25,1050.949951171875,1021.9500122070312,1030.949951171875,1164730,,NSE
CUMMINSIND,2022-03-16,1039.449951171875,1047.0999755859375,1014.75,1026.5,526200,,NSE
CUMMINSIND,2022-03-17,1031.0,1042.199951171875,1012.1500244140625,1023.2999877929688,769485,,NSE
CUMMINSIND,2022-03-21,1033.1500244140625,1076.8499755859375,1020.7999877929688,1054.0,1739686,,NSE
CUMMINSIND,2022-03-22,1059.300048828125,1059.300048828125,1031.1500244140625,1051.8499755859375,661241,,NSE
CUMMINSIND,2022-03-23,1064.4000244140625,1097.0,1050.0,1087.050048828125,1118357,,NSE
CUMMINSIND,2022-03-24,1087.0,1111.75,1063.0,1094.0,2168244,,NSE
CUMMINSIND,2022-03-25,1099.800048828125,1113.800048828125,1080.050048828125,1086.3499755859375,1117373,,NSE
CUMMINSIND,2022-03-28,1094.0,1119.0,1078.4000244140625,1109.4000244140625,1597873,,NSE
CUMMINSIND,2022-03-29,1114.949951171875,1129.6500244140625,1096.8499755859375,1122.6500244140625,1020641,,NSE
CUMMINSIND,2022-03-30,1128.449951171875,1132.550048828125,1100.1500244140625,1107.800048828125,1031415,,NSE
CUMMINSIND,2022-03-31,1107.5,1133.9000244140625,1084.0,1121.300048828125,1307804,,NSE
CUMMINSIND,2022-04-01,1124.0,1143.0,1109.0,1136.699951171875,572374,,NSE
CUMMINSIND,2022-04-04,1140.0,1149.8499755859375,1119.0,1128.25,713929,,NSE
CUMMINSIND,2022-04-05,1122.0999755859375,1143.75,1122.0999755859375,1126.8499755859375,674194,,NSE
CUMMINSIND,2022-04-06,1125.5,1132.5999755859375,1114.550048828125,1119.25,528618,,NSE
CUMMINSIND,2022-04-07,1119.0,1126.4000244140625,1096.300048828125,1112.9000244140625,740284,,NSE
CUMMINSIND,2022-04-08,1118.5,1134.8499755859375,1108.300048828125,1130.9000244140625,487992,,NSE
CUMMINSIND,2022-04-11,1132.9000244140625,1162.0,1116.050048828125,1121.8499755859375,1122004,,NSE
CUMMINSIND,2022-04-12,1120.0,1128.25,1085.050048828125,1095.25,554348,,NSE
CUMMINSIND,2022-04-13,1099.9000244140625,1109.199951171875,1083.199951171875,1084.949951171875,446415,,NSE
CUMMINSIND,2022-04-18,1071.0,1086.449951171875,1060.6500244140625,1080.800048828125,415943,,NSE
CUMMINSIND,2022-04-19,1091.699951171875,1100.0999755859375,1061.0,1067.699951171875,518913,,NSE
CUMMINSIND,2022-04-20,1070.0,1117.5999755859375,1053.3499755859375,1102.25,742189,,NSE
CUMMINSIND,2022-04-21,1109.949951171875,1113.300048828125,1078.6500244140625,1090.75,619016,,NSE
CUMMINSIND,2022-04-22,1086.0,1086.0,1054.800048828125,1060.699951171875,615091,,NSE
CUMMINSIND,2022-04-25,1025.0,1030.0,992.2000122070312,998.9500122070312,1328456,,NSE
CUMMINSIND,2022-04-26,1003.5,1025.5999755859375,999.0499877929688,1023.4000244140625,688687,,NSE
CUMMINSIND,2022-04-27,1018.0,1035.4000244140625,1008.1500244140625,1028.5999755859375,365432,,NSE
CUMMINSIND,2022-04-28,1030.0,1041.699951171875,1025.9000244140625,1032.300048828125,538063,,NSE
CUMMINSIND,2022-04-29,1041.5999755859375,1045.699951171875,1025.0,1030.449951171875,310154,,NSE
CUMMINSIND,2022-05-02,1011.0,1037.5999755859375,1011.0,1031.0,380054,,NSE
CUMMINSIND,2022-05-04,1031.0,1041.0,1010.4000244140625,1013.75,282149,,NSE
CUMMINSIND,2022-05-05,1015.0,1034.300048828125,1013.75,1017.3499755859375,219580,,NSE
CUMMINSIND,2022-05-06,1005.0,1017.3499755859375,1000.0,1008.5999755859375,315938,,NSE
CUMMINSIND,2022-05-09,1008.5999755859375,1011.8499755859375,979.2999877929688,988.75,362497,,NSE
CUMMINSIND,2022-05-10,994.7999877929688,1000.3499755859375,978.5999755859375,981.25,212762,,NSE
CUMMINSIND,2022-05-11,981.4500122070312,1000.0,974.1500244140625,978.75,414179,,NSE
CUMMINSIND,2022-05-12,970.0,975.5999755859375,947.0999755859375,957.7999877929688,265926,,NSE
CUMMINSIND,2022-05-13,979.0,1008.9500122070312,965.7000122070312,1000.2999877929688,540269,,NSE
CUMMINSIND,2022-05-16,985.0,1011.5,970.7000122070312,992.5,437523,,NSE
CUMMINSIND,2022-05-17,996.0499877929688,1017.0,992.0,1008.0999755859375,421716,,NSE
CUMMINSIND,2022-05-18,1013.3499755859375,1028.0,994.9500122070312,1001.3499755859375,420323,,NSE
CUMMINSIND,2022-05-19,988.0,1023.5,982.2000122070312,991.4500122070312,549408,,NSE
CUMMINSIND,2022-05-20,1015.0,1020.0,992.9000244140625,1008.7000122070312,698976,,NSE
CUMMINSIND,2022-05-23,1009.0,1033.0,1008.9500122070312,1014.7000122070312,763680,,NSE
CUMMINSIND,2022-05-24,1012.0,1023.2999877929688,1000.7000122070312,1015.8499755859375,169418,,NSE
CUMMINSIND,2022-05-25,1025.0,1026.0,1001.8499755859375,1011.5999755859375,333619,,NSE
CUMMINSIND,2022-05-26,1002.0,1032.0,991.25,1028.25,318489,,NSE
CUMMINSIND,2022-05-27,1004.9500122070312,1026.050048828125,967.0499877929688,1015.25,1459108,,NSE
CUMMINSIND,2022-05-30,1028.050048828125,1051.949951171875,1016.1500244140625,1030.4000244140625,776721,,NSE
CUMMINSIND,2022-05-31,1028.0,1037.699951171875,1015.2000122070312,1025.949951171875,381120,,NSE
CUMMINSIND,2022-06-01,1026.0,1033.9000244140625,1006.0,1026.25,372917,,NSE
CUMMINSIND,2022-06-02,1026.5999755859375,1032.0,1017.2999877929688,1025.550048828125,291248,,NSE
CUMMINSIND,2022-06-03,1030.0,1038.75,1005.5999755859375,1009.7000122070312,378985,,NSE
CUMMINSIND,2022-06-06,1014.1500244140625,1016.0,990.8499755859375,1011.4500122070312,235955,,NSE
CUMMINSIND,2022-06-07,1013.2000122070312,1014.5,999.7999877929688,1010.2000122070312,154031,,NSE
CUMMINSIND,2022-06-08,1014.5999755859375,1019.25,1002.0,1010.9500122070312,122402,,NSE
CUMMINSIND,2022-06-09,1009.9000244140625,1025.0,1004.0,1020.1500244140625,172460,,NSE
CUMMINSIND,2022-06-10,1003.0,1014.4500122070312,996.4500122070312,1008.4500122070312,169367,,NSE
CUMMINSIND,2022-06-13,1005.0,1013.5499877929688,992.2000122070312,1003.2999877929688,335373,,NSE
CUMMINSIND,2022-06-14,998.0,1022.6500244140625,995.2000122070312,1008.8499755859375,276057,,NSE
CUMMINSIND,2022-06-15,1011.9000244140625,1016.0,991.2000122070312,999.2000122070312,480528,,NSE
CUMMINSIND,2022-06-16,1003.5,1005.9500122070312,966.7999877929688,975.5,465459,,NSE
CUMMINSIND,2022-06-17,972.2999877929688,984.2000122070312,963.1500244140625,974.75,310344,,NSE
CUMMINSIND,2022-06-20,970.0999755859375,977.0,950.8499755859375,961.0,323357,,NSE
CUMMINSIND,2022-06-21,967.0,975.5,957.6500244140625,964.2000122070312,301832,,NSE
CUMMINSIND,2022-06-22,964.2000122070312,979.5999755859375,958.4000244140625,963.7999877929688,412002,,NSE
CUMMINSIND,2022-06-23,965.0,991.0,954.3499755859375,985.5499877929688,301240,,NSE
CUMMINSIND,2022-06-24,986.0499877929688,1004.9000244140625,986.0499877929688,996.5499877929688,173243,,NSE
CUMMINSIND,2022-06-27,1001.5,1029.0,1000.9000244140625,1007.3499755859375,292975,,NSE
CUMMINSIND,2022-06-28,1001.6500244140625,1006.0499877929688,993.0,1001.1500244140625,320171,,NSE
CUMMINSIND,2022-06-29,996.0,1028.0,989.0,1022.0999755859375,775732,,NSE
CUMMINSIND,2022-06-30,1025.949951171875,1036.300048828125,1014.1500244140625,1024.199951171875,395286,,NSE
CUMMINSIND,2022-07-01,1016.0,1030.199951171875,1014.0,1026.0999755859375,149758,,NSE
CUMMINSIND,2022-07-04,1028.0,1058.8499755859375,1027.0999755859375,1052.1500244140625,454505,,NSE
CUMMINSIND,2022-07-05,1054.800048828125,1081.699951171875,1048.0,1070.0999755859375,512099,,NSE
CUMMINSIND,2022-07-06,1069.949951171875,1116.8499755859375,1064.25,1103.8499755859375,1140872,,NSE
CUMMINSIND,2022-07-07,1103.8499755859375,1136.0,1102.300048828125,1130.25,785823,,NSE
CUMMINSIND,2022-07-08,1133.0,1148.699951171875,1108.050048828125,1118.300048828125,576555,,NSE
CUMMINSIND,2022-07-11,1121.9000244140625,1133.0,1103.0,1111.25,421468,,NSE
CUMMINSIND,2022-07-12,1100.050048828125,1116.6500244140625,1085.75,1093.199951171875,208348,,NSE
CUMMINSIND,2022-07-13,1093.0,1102.550048828125,1084.5999755859375,1087.1500244140625,97071,,NSE
CUMMINSIND,2022-07-14,1087.1500244140625,1101.25,1084.449951171875,1089.8499755859375,142589,,NSE
CUMMINSIND,2022-07-15,1092.75,1129.75,1085.25,1127.949951171875,535193,,NSE
CUMMINSIND,2022-07-18,1141.050048828125,1181.949951171875,1132.0999755859375,1153.5999755859375,1187316,,NSE
CUMMINSIND,2022-07-19,1157.0,1168.0,1138.3499755859375,1150.25,597846,,NSE
CUMMINSIND,2022-07-20,1165.25,1184.6500244140625,1154.1500244140625,1159.0999755859375,840829,,NSE
CUMMINSIND,2022-07-21,1155.300048828125,1225.0,1154.050048828125,1220.9000244140625,1189647,,NSE
CUMMINSIND,2022-07-22,1225.0,1225.9000244140625,1190.050048828125,1199.699951171875,794692,,NSE
CUMMINSIND,2022-07-25,1203.75,1217.8499755859375,1183.0,1186.8499755859375,806178,,NSE
CUMMINSIND,2022-07-26,1192.800048828125,1203.949951171875,1171.800048828125,1181.449951171875,665554,,NSE
CUMMINSIND,2022-07-27,1186.550048828125,1204.4000244140625,1177.9000244140625,1185.5,788032,,NSE
CUMMINSIND,2022-07-28,1190.0999755859375,1212.550048828125,1182.6500244140625,1208.6500244140625,879886,,NSE
CUMMINSIND,2022-07-29,1225.9000244140625,1244.199951171875,1216.449951171875,1226.8499755859375,978782,,NSE
CUMMINSIND,2022-08-01,1233.0,1256.300048828125,1220.0,1222.8499755859375,623028,,NSE
CUMMINSIND,2022-08-02,1221.800048828125,1223.5999755859375,1191.1500244140625,1198.300048828125,418124,,NSE
CUMMINSIND,2022-08-03,1200.0,1213.199951171875,1173.0,1181.050048828125,1421116,,NSE
CUMMINSIND,2022-08-04,1185.0,1192.4000244140625,1156.050048828125,1178.1500244140625,418185,,NSE
CUMMINSIND,2022-08-05,1176.0,1193.5,1168.050048828125,1172.4000244140625,308759,,NSE
CUMMINSIND,2022-08-08,1174.0,1194.5999755859375,1174.0,1190.300048828125,444334,,NSE
CUMMINSIND,2022-08-10,1196.300048828125,1226.949951171875,1103.800048828125,1167.25,2244675,,NSE
CUMMINSIND,2022-08-11,1175.0,1248.5999755859375,1160.0,1237.5999755859375,1889729,,NSE
CUMMINSIND,2022-08-12,1240.3499755859375,1289.4000244140625,1238.75,1249.75,1482543,,NSE
CUMMINSIND,2022-08-16,1250.0,1271.6500244140625,1249.75,1261.8499755859375,363270,,NSE
CUMMINSIND,2022-08-17,1268.199951171875,1272.6500244140625,1242.25,1246.75,557068,,NSE
CUMMINSIND,2022-08-18,1245.0,1268.699951171875,1224.1500244140625,1247.050048828125,550201,,NSE
CUMMINSIND,2022-08-19,1242.0,1260.25,1206.0,1224.4000244140625,453180,,NSE
CUMMINSIND,2022-08-22,1224.5,1227.949951171875,1195.75,1201.75,679686,,NSE
CUMMINSIND,2022-08-23,1194.0,1224.949951171875,1186.050048828125,1199.8499755859375,1023358,,NSE
CUMMINSIND,2022-08-24,1202.0,1214.699951171875,1158.4000244140625,1199.25,684900,,NSE
CUMMINSIND,2022-08-25,1213.1500244140625,1226.449951171875,1191.3499755859375,1198.449951171875,858503,,NSE
CUMMINSIND,2022-08-26,1204.75,1222.0,1200.0,1206.5,322555,,NSE
CUMMINSIND,2022-08-29,1170.0,1206.0,1169.949951171875,1183.5999755859375,655197,,NSE
CUMMINSIND,2022-08-30,1190.0,1200.25,1186.0999755859375,1192.5999755859375,1089848,,NSE
CUMMINSIND,2022-09-01,1196.199951171875,1236.699951171875,1190.0,1222.5,825029,,NSE
CUMMINSIND,2022-09-02,1231.699951171875,1236.0,1197.800048828125,1201.5999755859375,395426,,NSE
CUMMINSIND,2022-09-05,1201.5999755859375,1218.0,1190.1500244140625,1211.449951171875,332428,,NSE
CUMMINSIND,2022-09-06,1217.550048828125,1226.0,1212.050048828125,1222.1500244140625,429296,,NSE
CUMMINSIND,2022-09-07,1222.1500244140625,1250.0,1220.050048828125,1226.300048828125,1371395,,NSE
CUMMINSIND,2022-09-08,1233.6500244140625,1255.5999755859375,1222.699951171875,1233.3499755859375,767969,,NSE
CUMMINSIND,2022-09-09,1240.0,1247.449951171875,1209.5999755859375,1219.9000244140625,376617,,NSE
CUMMINSIND,2022-09-12,1215.0,1233.1500244140625,1214.0,1220.949951171875,258428,,NSE
CUMMINSIND,2022-09-13,1223.3499755859375,1248.050048828125,1223.199951171875,1237.449951171875,674888,,NSE
CUMMINSIND,2022-09-14,1220.0999755859375,1242.949951171875,1215.449951171875,1230.9000244140625,353324,,NSE
CUMMINSIND,2022-09-15,1232.050048828125,1253.0,1217.550048828125,1248.300048828125,432408,,NSE
CUMMINSIND,2022-09-16,1248.300048828125,1259.9000244140625,1182.8499755859375,1191.4000244140625,1452065,,NSE
CUMMINSIND,2022-09-19,1191.4000244140625,1213.0999755859375,1175.449951171875,1202.050048828125,452318,,NSE
CUMMINSIND,2022-09-20,1208.800048828125,1253.800048828125,1202.0999755859375,1233.550048828125,903140,,NSE
CUMMINSIND,2022-09-21,1235.8499755859375,1283.449951171875,1232.0,1253.5,1689177,,NSE
CUMMINSIND,2022-09-22,1248.5,1267.949951171875,1224.5999755859375,1254.4000244140625,759472,,NSE
CUMMINSIND,2022-09-23,1257.5,1260.0,1215.0,1219.0,596214,,NSE
CUMMINSIND,2022-09-26,1198.0,1205.199951171875,1162.5,1191.800048828125,590593,,NSE
CUMMINSIND,2022-09-27,1189.0,1203.8499755859375,1171.8499755859375,1189.449951171875,424561,,NSE
CUMMINSIND,2022-09-28,1179.449951171875,1190.0,1175.0,1177.4000244140625,344391,,NSE
CUMMINSIND,2022-09-29,1183.300048828125,1203.550048828125,1159.0,1181.25,484280,,NSE
CUMMINSIND,2022-09-30,1170.0,1199.949951171875,1150.0,1195.8499755859375,456403,,NSE
CUMMINSIND,2022-10-03,1190.0,1199.949951171875,1170.0,1183.1500244140625,461834,,NSE
CUMMINSIND,2022-10-04,1206.0,1233.949951171875,1200.0999755859375,1215.9000244140625,586517,,NSE
CUMMINSIND,2022-10-06,1216.800048828125,1240.5,1216.800048828125,1229.0999755859375,444453,,NSE
CUMMINSIND,2022-10-07,1229.0999755859375,1241.300048828125,1205.449951171875,1238.75,711813,,NSE
CUMMINSIND,2022-10-10,1214.0,1249.4000244140625,1186.0,1224.699951171875,724263,,NSE
CUMMINSIND,2022-10-11,1230.0,1234.75,1190.9000244140625,1200.300048828125,245949,,NSE
CUMMINSIND,2022-10-12,1206.3499755859375,1217.449951171875,1196.800048828125,1207.9000244140625,500287,,NSE
CUMMINSIND,2022-10-13,1208.0999755859375,1219.4000244140625,1182.050048828125,1189.199951171875,195280,,NSE
CUMMINSIND,2022-10-14,1200.0,1229.0,1178.6500244140625,1185.6500244140625,185612,,NSE
CUMMINSIND,2022-10-17,1177.800048828125,1202.3499755859375,1177.800048828125,1185.9000244140625,206062,,NSE
CUMMINSIND,2022-10-18,1189.0,1222.25,1189.0,1210.4000244140625,296193,,NSE
CUMMINSIND,2022-10-19,1213.5999755859375,1225.0,1211.1500244140625,1216.949951171875,363280,,NSE
CUMMINSIND,2022-10-20,1213.0,1220.0,1182.050048828125,1210.75,143761,,NSE
CUMMINSIND,2022-10-21,1211.0,1231.1500244140625,1198.199951171875,1209.699951171875,256017,,NSE
CUMMINSIND,2022-10-24,1212.550048828125,1219.949951171875,1187.75,1203.75,44334,,NSE
CUMMINSIND,2022-10-25,1196.1500244140625,1230.949951171875,1185.0999755859375,1224.699951171875,292659,,NSE
CUMMINSIND,2022-10-27,1226.199951171875,1267.0,1225.0,1249.9000244140625,1169791,,NSE
CUMMINSIND,2022-10-28,1256.25,1297.4000244140625,1253.199951171875,1292.699951171875,1089188,,NSE
CUMMINSIND,2022-10-31,1300.699951171875,1351.949951171875,1300.0,1347.9000244140625,1622116,,NSE
CUMMINSIND,2022-11-01,1348.0,1372.800048828125,1334.0,1348.199951171875,926233,,NSE
CUMMINSIND,2022-11-02,1350.0,1365.449951171875,1328.6500244140625,1336.050048828125,627644,,NSE
CUMMINSIND,2022-11-03,1329.0,1335.6500244140625,1316.5,1330.9000244140625,408654,,NSE
CUMMINSIND,2022-11-04,1336.25,1349.9000244140625,1321.5999755859375,1331.9000244140625,485053,,NSE
CUMMINSIND,2022-11-07,1350.0,1380.0,1306.1500244140625,1335.1500244140625,754875,,NSE
CUMMINSIND,2022-11-09,1330.0,1369.0,1330.0,1350.800048828125,1189937,,NSE
CUMMINSIND,2022-11-10,1355.1500244140625,1368.6500244140625,1329.5999755859375,1340.800048828125,816087,,NSE
CUMMINSIND,2022-11-11,1351.0,1358.800048828125,1318.0,1347.8499755859375,763460,,NSE
CUMMINSIND,2022-11-14,1354.5999755859375,1364.0,1331.550048828125,1347.199951171875,648024,,NSE
CUMMINSIND,2022-11-15,1353.949951171875,1374.949951171875,1333.050048828125,1372.75,1085541,,NSE
CUMMINSIND,2022-11-16,1378.5,1391.800048828125,1360.0,1366.699951171875,1447516,,NSE
CUMMINSIND,2022-11-17,1361.0,1391.75,1353.1500244140625,1380.75,956978,,NSE
CUMMINSIND,2022-11-18,1374.0999755859375,1392.9000244140625,1345.699951171875,1349.8499755859375,881986,,NSE
CUMMINSIND,2022-11-21,1355.0,1356.5,1318.0,1322.0999755859375,603719,,NSE
CUMMINSIND,2022-11-22,1328.75,1346.199951171875,1322.300048828125,1330.050048828125,683891,,NSE
CUMMINSIND,2022-11-23,1334.1500244140625,1359.0,1334.1500244140625,1353.5,868985,,NSE
CUMMINSIND,2022-11-24,1359.0999755859375,1380.3499755859375,1351.699951171875,1377.550048828125,588224,,NSE
CUMMINSIND,2022-11-25,1380.25,1391.3499755859375,1373.0,1379.25,550007,,NSE
CUMMINSIND,2022-11-28,1375.0,1409.25,1366.800048828125,1390.4000244140625,588237,,NSE
CUMMINSIND,2022-11-29,1392.300048828125,1395.0,1367.949951171875,1371.5999755859375,410380,,NSE
CUMMINSIND,2022-11-30,1376.199951171875,1420.0,1376.199951171875,1413.5,835344,,NSE
CUMMINSIND,2022-12-01,1422.75,1439.800048828125,1405.3499755859375,1437.8499755859375,1054284,,NSE
CUMMINSIND,2022-12-02,1426.699951171875,1444.5,1426.699951171875,1442.0999755859375,418013,,NSE
CUMMINSIND,2022-12-05,1445.0,1455.0,1428.300048828125,1445.0,474730,,NSE
CUMMINSIND,2022-12-06,1446.4000244140625,1455.550048828125,1440.300048828125,1449.050048828125,523685,,NSE
CUMMINSIND,2022-12-07,1449.1500244140625,1467.0,1439.4000244140625,1460.75,550453,,NSE
CUMMINSIND,2022-12-08,1466.0,1475.0,1444.699951171875,1469.0,480794,,NSE
CUMMINSIND,2022-12-09,1483.0,1552.0,1473.199951171875,1523.0,3239055,,NSE
CUMMINSIND,2022-12-12,1517.949951171875,1518.050048828125,1466.050048828125,1482.0,619176,,NSE
CUMMINSIND,2022-12-13,1488.0,1503.949951171875,1480.0,1493.550048828125,656285,,NSE
CUMMINSIND,2022-12-14,1501.050048828125,1501.050048828125,1471.0999755859375,1494.6500244140625,453988,,NSE
CUMMINSIND,2022-12-15,1490.0,1493.75,1443.550048828125,1447.3499755859375,537409,,NSE
CUMMINSIND,2022-12-16,1441.0999755859375,1453.6500244140625,1419.050048828125,1424.800048828125,570002,,NSE
CUMMINSIND,2022-12-19,1434.949951171875,1469.0,1411.4000244140625,1463.5,400752,,NSE
CUMMINSIND,2022-12-20,1450.25,1492.949951171875,1450.25,1489.800048828125,583277,,NSE
CUMMINSIND,2022-12-21,1493.949951171875,1501.5,1446.6500244140625,1455.0,421917,,NSE
CUMMINSIND,2022-12-22,1467.25,1475.050048828125,1427.050048828125,1450.1500244140625,599231,,NSE
CUMMINSIND,2022-12-23,1438.5,1453.449951171875,1376.0999755859375,1388.050048828125,627352,,NSE
CUMMINSIND,2022-12-26,1365.0,1406.6500244140625,1362.550048828125,1380.949951171875,393400,,NSE
CUMMINSIND,2022-12-27,1392.5,1398.3499755859375,1363.4000244140625,1373.050048828125,408515,,NSE
CUMMINSIND,2022-12-28,1379.0999755859375,1393.550048828125,1350.050048828125,1388.0999755859375,519130,,NSE
CUMMINSIND,2022-12-29,1389.949951171875,1423.050048828125,1373.4000244140625,1397.3499755859375,536715,,NSE
CUMMINSIND,2022-12-30,1395.0,1407.949951171875,1370.0,1380.4000244140625,280357,,NSE
CUMMINSIND,2023-01-02,1380.3499755859375,1394.6500244140625,1360.0,1385.6500244140625,458030,,NSE
CUMMINSIND,2023-01-03,1392.5999755859375,1406.050048828125,1385.6500244140625,1395.8499755859375,362952,,NSE
CUMMINSIND,2023-01-04,1400.5,1423.949951171875,1379.0,1392.8499755859375,620292,,NSE
CUMMINSIND,2023-01-05,1393.050048828125,1425.0,1393.050048828125,1413.5999755859375,472768,,NSE
CUMMINSIND,2023-01-06,1417.949951171875,1434.4000244140625,1411.8499755859375,1431.3499755859375,392767,,NSE
CUMMINSIND,2023-01-09,1443.25,1459.9000244140625,1438.050048828125,1453.5,284204,,NSE
CUMMINSIND,2023-01-10,1457.0,1464.25,1440.1500244140625,1448.75,303676,,NSE
CUMMINSIND,2023-01-11,1450.0,1461.0,1441.550048828125,1449.1500244140625,283386,,NSE
CUMMINSIND,2023-01-12,1455.949951171875,1491.699951171875,1455.0,1480.800048828125,670911,,NSE
CUMMINSIND,2023-01-13,1488.25,1492.3499755859375,1456.6500244140625,1462.75,331675,,NSE
CUMMINSIND,2023-01-16,1467.0,1470.800048828125,1448.0,1453.6500244140625,142151,,NSE
CUMMINSIND,2023-01-17,1453.0,1495.0,1448.050048828125,1483.199951171875,467862,,NSE
CUMMINSIND,2023-01-18,1495.0,1518.0,1482.0999755859375,1487.949951171875,866712,,NSE
CUMMINSIND,2023-01-19,1488.0,1488.0,1450.0,1459.1500244140625,616100,,NSE
CUMMINSIND,2023-01-20,1457.0,1465.8499755859375,1440.0999755859375,1447.25,514524,,NSE
CUMMINSIND,2023-01-23,1447.550048828125,1456.9000244140625,1422.0999755859375,1427.050048828125,462438,,NSE
CUMMINSIND,2023-01-24,1430.5,1441.8499755859375,1404.75,1409.0999755859375,447318,,NSE
CUMMINSIND,2023-01-25,1404.0,1414.5999755859375,1377.25,1384.0,302117,,NSE
CUMMINSIND,2023-01-27,1388.449951171875,1392.050048828125,1358.4000244140625,1382.1500244140625,344156,,NSE
CUMMINSIND,2023-01-30,1384.0,1408.0,1373.4000244140625,1390.199951171875,617437,,NSE
CUMMINSIND,2023-01-31,1392.6500244140625,1442.300048828125,1392.6500244140625,1435.800048828125,770920,,NSE
CUMMINSIND,2023-02-01,1453.0,1467.9000244140625,1405.199951171875,1426.5,508254,,NSE
CUMMINSIND,2023-02-02,1425.0,1466.0,1418.449951171875,1449.6500244140625,502153,,NSE
CUMMINSIND,2023-02-03,1454.0,1459.5999755859375,1417.8499755859375,1445.5,293421,,NSE
CUMMINSIND,2023-02-06,1442.0,1462.300048828125,1425.0,1446.4000244140625,284958,,NSE
CUMMINSIND,2023-02-07,1451.5,1461.5,1432.9000244140625,1446.6500244140625,332075,,NSE
CUMMINSIND,2023-02-08,1454.0,1480.0,1444.5999755859375,1474.300048828125,547138,,NSE
CUMMINSIND,2023-02-09,1540.0,1618.0,1539.949951171875,1578.3499755859375,4534071,,NSE
CUMMINSIND,2023-02-10,1579.5,1610.0,1571.050048828125,1600.800048828125,1124334,,NSE
CUMMINSIND,2023-02-13,1608.8499755859375,1614.300048828125,1582.0,1595.25,519389,,NSE
CUMMINSIND,2023-02-14,1595.1500244140625,1618.550048828125,1585.0,1599.75,742894,,NSE
CUMMINSIND,2023-02-15,1596.949951171875,1633.0,1592.050048828125,1628.800048828125,610762,,NSE
CUMMINSIND,2023-02-16,1639.9000244140625,1666.449951171875,1625.0,1644.300048828125,1233069,,NSE
CUMMINSIND,2023-02-17,1638.0,1646.8499755859375,1615.25,1618.699951171875,717223,,NSE
CUMMINSIND,2023-02-20,1626.800048828125,1626.800048828125,1609.75,1614.0,365315,,NSE
CUMMINSIND,2023-02-21,1600.0,1609.0,1575.1500244140625,1578.3499755859375,765337,,NSE
CUMMINSIND,2023-02-22,1576.9000244140625,1588.949951171875,1565.300048828125,1579.3499755859375,778980,,NSE
CUMMINSIND,2023-02-23,1579.3499755859375,1602.550048828125,1573.199951171875,1596.6500244140625,761827,,NSE
CUMMINSIND,2023-02-24,1604.6500244140625,1615.6500244140625,1560.199951171875,1571.199951171875,688041,,NSE
CUMMINSIND,2023-02-27,1570.0,1585.0,1550.0,1568.3499755859375,446642,,NSE
CUMMINSIND,2023-02-28,1569.550048828125,1589.25,1556.800048828125,1570.0999755859375,640541,,NSE
CUMMINSIND,2023-03-01,1571.0,1610.949951171875,1564.0,1602.5,651248,,NSE
CUMMINSIND,2023-03-02,1610.4000244140625,1610.4000244140625,1588.0,1595.949951171875,466385,,NSE
CUMMINSIND,2023-03-03,1600.0,1607.449951171875,1581.050048828125,1599.75,431101,,NSE
CUMMINSIND,2023-03-06,1607.449951171875,1642.0,1602.0,1629.3499755859375,737814,,NSE
CUMMINSIND,2023-03-08,1629.3499755859375,1677.949951171875,1626.050048828125,1669.0,1339514,,NSE
CUMMINSIND,2023-03-09,1675.050048828125,1694.0,1662.5,1685.0999755859375,799916,,NSE
CUMMINSIND,2023-03-10,1673.949951171875,1687.9000244140625,1643.949951171875,1680.949951171875,681029,,NSE
CUMMINSIND,2023-03-13,1685.0,1696.949951171875,1650.0,1668.0999755859375,639231,,NSE
CUMMINSIND,2023-03-14,1676.949951171875,1695.0,1657.050048828125,1682.8499755859375,895074,,NSE
CUMMINSIND,2023-03-15,1706.949951171875,1706.949951171875,1680.449951171875,1697.5999755859375,1146198,,NSE
CUMMINSIND,2023-03-16,1697.949951171875,1699.9000244140625,1634.5,1657.699951171875,655835,,NSE
CUMMINSIND,2023-03-17,1665.9000244140625,1696.449951171875,1662.1500244140625,1679.1500244140625,756814,,NSE
CUMMINSIND,2023-03-20,1650.0,1671.9000244140625,1624.050048828125,1652.800048828125,488496,,NSE
CUMMINSIND,2023-03-21,1654.199951171875,1662.1500244140625,1613.5999755859375,1635.25,688444,,NSE
CUMMINSIND,2023-03-22,1638.5,1645.1500244140625,1608.0,1612.5999755859375,368954,,NSE
CUMMINSIND,2023-03-23,1610.0,1654.0,1608.0,1630.5,713358,,NSE
CUMMINSIND,2023-03-24,1638.6500244140625,1640.949951171875,1614.699951171875,1622.1500244140625,371397,,NSE
CUMMINSIND,2023-03-27,1619.0,1625.0,1580.949951171875,1585.550048828125,560710,,NSE
CUMMINSIND,2023-03-28,1592.550048828125,1615.75,1580.25,1612.25,300231,,NSE
CUMMINSIND,2023-03-29,1612.25,1647.0,1609.550048828125,1639.8499755859375,493564,,NSE
CUMMINSIND,2023-03-31,1645.0,1657.800048828125,1626.25,1629.5999755859375,559036,,NSE
CUMMINSIND,2023-04-03,1635.050048828125,1640.449951171875,1594.550048828125,1605.25,444453,,NSE
CUMMINSIND,2023-04-05,1602.0,1605.199951171875,1560.0,1568.550048828125,824057,,NSE
CUMMINSIND,2023-04-06,1576.550048828125,1585.1500244140625,1552.550048828125,1578.050048828125,746042,,NSE
CUMMINSIND,2023-04-10,1593.0999755859375,1595.9000244140625,1567.800048828125,1579.199951171875,578155,,NSE
CUMMINSIND,2023-04-11,1589.199951171875,1593.5999755859375,1555.8499755859375,1577.4000244140625,831554,,NSE
CUMMINSIND,2023-04-12,1580.0,1603.199951171875,1556.550048828125,1559.5,941159,,NSE
CUMMINSIND,2023-04-13,1559.0,1569.800048828125,1532.550048828125,1548.699951171875,647095,,NSE
CUMMINSIND,2023-04-17,1522.0,1540.0,1493.0,1498.6500244140625,1045243,,NSE
CUMMINSIND,2023-04-18,1501.0,1506.449951171875,1481.0,1490.0,1235433,,NSE
CUMMINSIND,2023-04-19,1490.0,1509.949951171875,1487.6500244140625,1501.050048828125,510197,,NSE
CUMMINSIND,2023-04-20,1504.0,1564.0,1504.0,1559.9000244140625,1233088,,NSE
CUMMINSIND,2023-04-21,1560.0,1565.5,1539.5,1544.5,355147,,NSE
CUMMINSIND,2023-04-24,1544.5,1557.6500244140625,1536.800048828125,1554.4000244140625,282687,,NSE
CUMMINSIND,2023-04-25,1554.4000244140625,1569.5,1545.0,1553.8499755859375,453954,,NSE
CUMMINSIND,2023-04-26,1553.8499755859375,1567.0999755859375,1546.0,1565.5,256650,,NSE
CUMMINSIND,2023-04-27,1570.0,1590.0,1563.9000244140625,1566.4000244140625,701384,,NSE
CUMMINSIND,2023-04-28,1579.0,1584.8499755859375,1562.6500244140625,1575.6500244140625,420097,,NSE
CUMMINSIND,2023-05-02,1576.0999755859375,1605.5,1569.1500244140625,1600.199951171875,367587,,NSE
CUMMINSIND,2023-05-03,1612.949951171875,1619.9000244140625,1580.0,1582.9000244140625,1042002,,NSE
CUMMINSIND,2023-05-04,1589.0,1612.949951171875,1580.300048828125,1607.0,747747,,NSE
CUMMINSIND,2023-05-05,1606.800048828125,1614.1500244140625,1588.050048828125,1595.9000244140625,434617,,NSE
CUMMINSIND,2023-05-08,1600.0,1628.5,1597.25,1618.0,769059,,NSE
CUMMINSIND,2023-05-09,1629.050048828125,1634.0,1608.0999755859375,1622.1500244140625,519553,,NSE
CUMMINSIND,2023-05-10,1625.0,1655.550048828125,1620.0,1640.3499755859375,670896,,NSE
CUMMINSIND,2023-05-11,1640.9000244140625,1649.300048828125,1618.25,1627.800048828125,394578,,NSE
CUMMINSIND,2023-05-12,1628.0,1644.0,1620.9000244140625,1638.050048828125,326962,,NSE
CUMMINSIND,2023-05-15,1643.75,1656.0,1626.5999755859375,1649.050048828125,273516,,NSE
CUMMINSIND,2023-05-16,1658.0,1666.0,1633.550048828125,1649.199951171875,483520,,NSE
CUMMINSIND,2023-05-17,1654.9000244140625,1657.8499755859375,1629.949951171875,1647.449951171875,406198,,NSE
CUMMINSIND,2023-05-18,1654.949951171875,1680.0,1640.0,1644.050048828125,594239,,NSE
CUMMINSIND,2023-05-19,1645.050048828125,1646.25,1613.050048828125,1639.699951171875,348650,,NSE
CUMMINSIND,2023-05-22,1643.800048828125,1670.949951171875,1623.0,1666.550048828125,370747,,NSE
CUMMINSIND,2023-05-23,1669.5,1705.0,1669.449951171875,1684.699951171875,643307,,NSE
CUMMINSIND,2023-05-24,1684.699951171875,1714.9000244140625,1556.0,1595.300048828125,2437287,,NSE
CUMMINSIND,2023-05-25,1575.0,1662.3499755859375,1565.0,1650.1500244140625,2501705,,NSE
CUMMINSIND,2023-05-26,1650.0,1740.0,1648.949951171875,1735.050048828125,2506445,,NSE
CUMMINSIND,2023-05-29,1755.800048828125,1755.800048828125,1730.0,1744.050048828125,582128,,NSE
CUMMINSIND,2023-05-30,1740.0,1774.0,1733.0,1755.3499755859375,559849,,NSE
CUMMINSIND,2023-05-31,1755.0,1768.0,1735.699951171875,1759.9000244140625,660502,,NSE
CUMMINSIND,2023-06-01,1760.0,1771.800048828125,1745.0,1750.699951171875,330554,,NSE
CUMMINSIND,2023-06-02,1751.0999755859375,1762.949951171875,1738.5,1753.25,566594,,NSE
CUMMINSIND,2023-06-05,1755.0,1788.25,1754.949951171875,1773.800048828125,754132,,NSE
CUMMINSIND,2023-06-06,1776.300048828125,1814.4000244140625,1770.800048828125,1807.25,906087,,NSE
CUMMINSIND,2023-06-07,1811.050048828125,1814.0,1790.1500244140625,1799.5,373808,,NSE
CUMMINSIND,2023-06-08,1794.5,1797.949951171875,1758.0,1766.75,570269,,NSE
CUMMINSIND,2023-06-09,1778.199951171875,1787.9000244140625,1766.550048828125,1782.800048828125,460201,,NSE
CUMMINSIND,2023-06-12,1785.0,1796.0,1771.199951171875,1789.699951171875,436279,,NSE
CUMMINSIND,2023-06-13,1795.9000244140625,1848.0,1786.0,1843.199951171875,1192944,,NSE
CUMMINSIND,2023-06-14,1860.0,1867.0,1839.550048828125,1855.3499755859375,690383,,NSE
CUMMINSIND,2023-06-15,1855.0,1855.0,1827.5,1830.25,581128,,NSE
CUMMINSIND,2023-06-16,1839.8499755859375,1863.25,1828.0,1843.300048828125,589884,,NSE
CUMMINSIND,2023-06-19,1847.6500244140625,1892.75,1846.0,1876.1500244140625,720228,,NSE
CUMMINSIND,2023-06-20,1885.0999755859375,1904.0,1876.8499755859375,1899.5,643545,,NSE
CUMMINSIND,2023-06-21,1907.0,1908.0,1851.199951171875,1857.800048828125,605777,,NSE
CUMMINSIND,2023-06-22,1855.0999755859375,1862.0,1824.0999755859375,1844.4000244140625,283690,,NSE
CUMMINSIND,2023-06-23,1853.6500244140625,1855.5,1807.0999755859375,1846.699951171875,648800,,NSE
CUMMINSIND,2023-06-26,1858.75,1877.9000244140625,1840.0,1870.8499755859375,392942,,NSE
CUMMINSIND,2023-06-27,1856.3499755859375,1890.0,1856.3499755859375,1882.800048828125,470780,,NSE
CUMMINSIND,2023-06-28,1881.0,1929.0,1872.6500244140625,1911.0,608998,,NSE
CUMMINSIND,2023-06-30,1911.0,1952.0,1903.0,1943.0999755859375,1395387,,NSE
CUMMINSIND,2023-07-03,1947.0,1953.5,1885.0999755859375,1889.949951171875,573480,,NSE
CUMMINSIND,2023-07-04,1894.5,1930.0,1851.75,1856.6500244140625,721898,,NSE
CUMMINSIND,2023-07-05,1865.0,1884.9000244140625,1852.699951171875,1874.6500244140625,839386,,NSE
CUMMINSIND,2023-07-06,1887.5999755859375,1920.0,1869.0,1916.0,823919,,NSE
CUMMINSIND,2023-07-07,1915.949951171875,1922.800048828125,1893.0,1902.3499755859375,407591,,NSE
CUMMINSIND,2023-07-10,1904.0,1910.0,1886.5999755859375,1893.300048828125,403084,,NSE
CUMMINSIND,2023-07-11,1895.949951171875,1927.9000244140625,1879.1500244140625,1890.6500244140625,334485,,NSE
CUMMINSIND,2023-07-12,1900.0,1939.949951171875,1894.800048828125,1901.4000244140625,604091,,NSE
CUMMINSIND,2023-07-13,1904.300048828125,1921.949951171875,1880.0,1892.3499755859375,353278,,NSE
CUMMINSIND,2023-07-14,1901.0,1923.0,1892.6500244140625,1918.4000244140625,324663,,NSE
CUMMINSIND,2023-07-17,1922.0,1933.75,1896.550048828125,1899.4000244140625,381853,,NSE
CUMMINSIND,2023-07-18,1904.1500244140625,1929.9000244140625,1896.9000244140625,1913.300048828125,594389,,NSE
CUMMINSIND,2023-07-19,1928.25,1946.0,1908.050048828125,1941.0,562127,,NSE
CUMMINSIND,2023-07-20,1945.9000244140625,1949.8499755859375,1896.3499755859375,1916.800048828125,454525,,NSE
CUMMINSIND,2023-07-21,1916.800048828125,1920.0,1863.050048828125,1883.6500244140625,693371,,NSE
CUMMINSIND,2023-07-24,1885.9000244140625,1915.0,1883.0,1902.0999755859375,464889,,NSE
CUMMINSIND,2023-07-25,1922.0,1928.5,1903.3499755859375,1922.8499755859375,313510,,NSE
CUMMINSIND,2023-07-26,1914.0,1934.6500244140625,1902.050048828125,1916.6500244140625,388480,,NSE
CUMMINSIND,2023-07-27,1917.0,1936.0,1912.300048828125,1922.800048828125,444377,,NSE
CUMMINSIND,2023-07-28,1922.800048828125,1961.449951171875,1909.050048828125,1955.050048828125,1210189,,NSE
CUMMINSIND,2023-07-31,1963.0,1974.0,1948.0999755859375,1968.1500244140625,526098,,NSE
CUMMINSIND,2023-08-01,1974.800048828125,1980.1500244140625,1923.25,1927.25,789751,,NSE
CUMMINSIND,2023-08-02,1926.9000244140625,1926.9000244140625,1871.5,1899.800048828125,868807,,NSE
CUMMINSIND,2023-08-03,1899.75,1915.6500244140625,1875.0,1881.050048828125,763718,,NSE
CUMMINSIND,2023-08-04,1850.0,1903.8499755859375,1745.050048828125,1796.0999755859375,3490486,,NSE
CUMMINSIND,2023-08-07,1781.0,1791.9000244140625,1742.0,1751.75,1287836,,NSE
CUMMINSIND,2023-08-08,1760.0,1764.0,1721.0,1733.5999755859375,1370375,,NSE
CUMMINSIND,2023-08-09,1735.0,1754.949951171875,1725.0,1748.5999755859375,645904,,NSE
CUMMINSIND,2023-08-10,1748.0,1781.699951171875,1735.25,1764.6500244140625,1420634,,NSE
CUMMINSIND,2023-08-11,1795.0,1804.4000244140625,1731.550048828125,1738.5999755859375,2169143,,NSE
CUMMINSIND,2023-08-14,1733.5999755859375,1746.949951171875,1701.0,1741.9000244140625,734195,,NSE
CUMMINSIND,2023-08-16,1739.699951171875,1754.9000244140625,1715.0,1729.8499755859375,968798,,NSE
CUMMINSIND,2023-08-17,1737.0,1764.0,1731.5999755859375,1743.800048828125,1013325,,NSE
CUMMINSIND,2023-08-18,1743.199951171875,1749.050048828125,1722.300048828125,1731.0,642655,,NSE
CUMMINSIND,2023-08-21,1744.949951171875,1758.5,1736.050048828125,1752.0999755859375,589097,,NSE
CUMMINSIND,2023-08-22,1755.0,1760.0,1741.5999755859375,1753.199951171875,479017,,NSE
CUMMINSIND,2023-08-23,1756.800048828125,1760.75,1733.949951171875,1737.699951171875,1003686,,NSE
CUMMINSIND,2023-08-24,1755.949951171875,1755.949951171875,1713.0,1720.25,895467,,NSE
CUMMINSIND,2023-08-25,1718.050048828125,1745.0,1707.0,1714.75,1216603,,NSE
CUMMINSIND,2023-08-28,1714.949951171875,1741.949951171875,1710.0,1717.9000244140625,1199396,,NSE
CUMMINSIND,2023-08-29,1725.050048828125,1738.0,1715.199951171875,1730.050048828125,1144087,,NSE
CUMMINSIND,2023-08-30,1739.0,1747.0,1720.0,1731.3499755859375,1060606,,NSE
CUMMINSIND,2023-08-31,1734.699951171875,1749.3499755859375,1690.0,1707.75,19211098,,NSE
CUMMINSIND,2023-09-01,1696.0999755859375,1711.0,1671.9000244140625,1706.0,881138,,NSE
CUMMINSIND,2023-09-04,1710.0,1746.75,1701.550048828125,1725.949951171875,772655,,NSE
CUMMINSIND,2023-09-05,1730.0,1742.4000244140625,1715.699951171875,1720.1500244140625,555245,,NSE
CUMMINSIND,2023-09-06,1724.949951171875,1750.5,1722.0999755859375,1746.300048828125,653379,,NSE
CUMMINSIND,2023-09-07,1760.0,1765.0,1736.4000244140625,1739.6500244140625,611119,,NSE
CUMMINSIND,2023-09-08,1750.5,1762.800048828125,1737.4000244140625,1755.3499755859375,1105103,,NSE
CUMMINSIND,2023-09-11,1770.0,1786.5,1761.800048828125,1767.5999755859375,920278,,NSE
CUMMINSIND,2023-09-12,1771.0,1776.25,1708.0,1711.6500244140625,843063,,NSE
CUMMINSIND,2023-09-13,1711.0999755859375,1722.0,1689.0999755859375,1715.699951171875,669374,,NSE
CUMMINSIND,2023-09-14,1738.5,1738.5,1710.300048828125,1725.75,463243,,NSE
CUMMINSIND,2023-09-15,1734.6500244140625,1750.0,1720.25,1747.3499755859375,653183,,NSE
CUMMINSIND,2023-09-18,1753.0,1754.0,1715.699951171875,1726.550048828125,615598,,NSE
CUMMINSIND,2023-09-20,1712.300048828125,1758.949951171875,1707.9000244140625,1728.3499755859375,626655,,NSE
CUMMINSIND,2023-09-21,1720.0,1749.5,1719.199951171875,1744.6500244140625,574260,,NSE
CUMMINSIND,2023-09-22,1756.8499755859375,1756.8499755859375,1717.5999755859375,1725.3499755859375,418784,,NSE
CUMMINSIND,2023-09-25,1729.9000244140625,1740.4000244140625,1677.0,1736.25,1275373,,NSE
CUMMINSIND,2023-09-26,1736.0,1744.050048828125,1722.3499755859375,1729.1500244140625,540158,,NSE
CUMMINSIND,2023-09-27,1729.1500244140625,1734.199951171875,1716.050048828125,1731.5999755859375,341810,,NSE
CUMMINSIND,2023-09-28,1716.1500244140625,1730.0,1656.300048828125,1668.550048828125,981227,,NSE
CUMMINSIND,2023-09-29,1668.550048828125,1709.5,1653.300048828125,1696.300048828125,831116,,NSE
CUMMINSIND,2023-10-03,1696.300048828125,1704.8499755859375,1669.0999755859375,1678.6500244140625,544659,,NSE
CUMMINSIND,2023-10-04,1680.0,1709.800048828125,1672.550048828125,1695.449951171875,659803,,NSE
CUMMINSIND,2023-10-05,1695.449951171875,1703.800048828125,1675.699951171875,1690.9000244140625,357966,,NSE
CUMMINSIND,2023-10-06,1698.0,1710.0,1688.8499755859375,1704.449951171875,347194,,NSE
CUMMINSIND,2023-10-09,1704.0,1706.0,1682.800048828125,1699.25,279463,,NSE
CUMMINSIND,2023-10-10,1697.550048828125,1713.0,1692.5,1707.0999755859375,415182,,NSE
CUMMINSIND,2023-10-11,1716.0,1757.800048828125,1713.5,1751.5999755859375,711325,,NSE
CUMMINSIND,2023-10-12,1755.050048828125,1758.9000244140625,1720.0,1730.0,357591,,NSE
CUMMINSIND,2023-10-13,1726.4000244140625,1727.9000244140625,1703.550048828125,1715.1500244140625,554753,,NSE
CUMMINSIND,2023-10-16,1724.9000244140625,1732.9000244140625,1708.75,1717.1500244140625,550814,,NSE
CUMMINSIND,2023-10-17,1730.0,1730.0,1703.6500244140625,1713.0999755859375,387186,,NSE
CUMMINSIND,2023-10-18,1717.949951171875,1728.800048828125,1702.800048828125,1721.699951171875,406163,,NSE
CUMMINSIND,2023-10-19,1717.0,1717.0,1695.449951171875,1706.550048828125,287138,,NSE
CUMMINSIND,2023-10-20,1706.0,1706.0,1682.5,1692.5999755859375,332649,,NSE
CUMMINSIND,2023-10-23,1686.3499755859375,1711.199951171875,1672.300048828125,1698.949951171875,723756,,NSE
CUMMINSIND,2023-10-25,1705.0,1722.25,1683.5,1700.1500244140625,364056,,NSE
CUMMINSIND,2023-10-26,1685.0,1692.75,1664.050048828125,1680.300048828125,694676,,NSE
CUMMINSIND,2023-10-27,1680.0,1711.5999755859375,1677.800048828125,1689.0999755859375,360754,,NSE
CUMMINSIND,2023-10-30,1693.949951171875,1697.800048828125,1672.050048828125,1676.449951171875,579771,,NSE
CUMMINSIND,2023-10-31,1684.9000244140625,1689.0,1665.5999755859375,1676.550048828125,459147,,NSE
CUMMINSIND,2023-11-01,1676.050048828125,1681.300048828125,1659.050048828125,1674.300048828125,250623,,NSE
CUMMINSIND,2023-11-02,1681.0,1710.0,1672.800048828125,1705.199951171875,255983,,NSE
CUMMINSIND,2023-11-03,1714.199951171875,1720.0,1696.0,1712.050048828125,283500,,NSE
CUMMINSIND,2023-11-06,1714.949951171875,1739.0,1701.0,1724.75,551177,,NSE
CUMMINSIND,2023-11-07,1720.0,1729.949951171875,1693.050048828125,1699.0999755859375,475127,,NSE
CUMMINSIND,2023-11-08,1712.0,1798.9000244140625,1692.0,1767.199951171875,2322242,,NSE
CUMMINSIND,2023-11-09,1773.0,1784.25,1744.0,1750.5,468929,,NSE
CUMMINSIND,2023-11-10,1750.5,1773.0,1731.449951171875,1768.449951171875,189259,,NSE
CUMMINSIND,2023-11-13,1775.0,1782.0,1748.5,1778.449951171875,488247,,NSE
CUMMINSIND,2023-11-15,1785.0,1830.0999755859375,1780.0,1826.75,672912,,NSE
CUMMINSIND,2023-11-16,1824.949951171875,1853.949951171875,1822.3499755859375,1841.949951171875,707768,,NSE
CUMMINSIND,2023-11-17,1842.199951171875,1861.300048828125,1826.449951171875,1829.6500244140625,307038,,NSE
CUMMINSIND,2023-11-20,1829.6500244140625,1859.300048828125,1816.8499755859375,1853.75,386973,,NSE
CUMMINSIND,2023-11-21,1863.0,1891.25,1860.300048828125,1871.300048828125,717092,,NSE
CUMMINSIND,2023-11-22,1862.0,1868.699951171875,1834.25,1844.949951171875,292692,,NSE
CUMMINSIND,2023-11-23,1858.0,1877.4000244140625,1847.4000244140625,1874.25,179167,,NSE
CUMMINSIND,2023-11-24,1875.0,1878.550048828125,1850.800048828125,1871.75,167850,,NSE
CUMMINSIND,2023-11-28,1878.0,1881.75,1852.8499755859375,1875.3499755859375,257084,,NSE
CUMMINSIND,2023-11-29,1881.0,1900.0,1863.0,1873.6500244140625,527029,,NSE
CUMMINSIND,2023-11-30,1873.6500244140625,1920.0,1865.0999755859375,1909.0999755859375,1324591,,NSE
CUMMINSIND,2023-12-01,1911.1500244140625,1929.0,1898.0,1920.199951171875,326619,,NSE
CUMMINSIND,2023-12-04,1934.949951171875,1959.9000244140625,1921.5,1953.9000244140625,668617,,NSE
CUMMINSIND,2023-12-05,1965.0,1987.75,1933.199951171875,1960.1500244140625,356762,,NSE
CUMMINSIND,2023-12-06,1953.0,1978.75,1948.800048828125,1955.800048828125,263761,,NSE
CUMMINSIND,2023-12-07,1955.800048828125,1960.0,1922.800048828125,1956.9000244140625,321470,,NSE
CUMMINSIND,2023-12-08,1960.0,1967.199951171875,1927.050048828125,1949.3499755859375,253118,,NSE
CUMMINSIND,2023-12-11,1952.0,2010.0,1934.449951171875,2001.199951171875,562772,,NSE
CUMMINSIND,2023-12-12,2013.949951171875,2019.4000244140625,1835.550048828125,1928.699951171875,1063056,,NSE
CUMMINSIND,2023-12-13,1940.0,1972.949951171875,1910.699951171875,1964.3499755859375,440298,,NSE
CUMMINSIND,2023-12-14,1971.0,1979.5,1935.0,1947.1500244140625,738402,,NSE
CUMMINSIND,2023-12-15,1950.9000244140625,1978.949951171875,1919.0,1926.5,740405,,NSE
CUMMINSIND,2023-12-18,1944.699951171875,1969.5,1930.0,1960.9000244140625,348422,,NSE
CUMMINSIND,2023-12-19,1980.0,1982.699951171875,1954.050048828125,1976.6500244140625,506932,,NSE
CUMMINSIND,2023-12-20,1980.0,2024.75,1892.5999755859375,1908.6500244140625,821439,,NSE
CUMMINSIND,2023-12-21,1900.25,1949.0,1888.300048828125,1941.3499755859375,321468,,NSE
CUMMINSIND,2023-12-22,1947.550048828125,2025.0,1927.5,2013.1500244140625,1057329,,NSE
CUMMINSIND,2023-12-26,2013.1500244140625,2044.9000244140625,2004.1500244140625,2027.1500244140625,550809,,NSE
CUMMINSIND,2023-12-27,2024.949951171875,2035.75,1974.3499755859375,1983.5999755859375,410225,,NSE
CUMMINSIND,2023-12-28,1990.0,2007.5999755859375,1933.5,1940.75,1136906,,NSE
CUMMINSIND,2023-12-29,1939.1500244140625,1978.0,1937.0,1963.949951171875,373649,,NSE
CUMMINSIND,2024-01-01,1965.0,1974.4000244140625,1945.550048828125,1957.949951171875,231172,,NSE
CUMMINSIND,2024-01-02,1955.0,1965.550048828125,1927.0,1960.8499755859375,383818,,NSE
CUMMINSIND,2024-01-03,1960.0,1977.25,1946.0,1971.949951171875,170039,,NSE
CUMMINSIND,2024-01-04,1977.0999755859375,2007.0999755859375,1977.0999755859375,1992.699951171875,232609,,NSE
CUMMINSIND,2024-01-05,2000.0,2018.0,1986.75,1998.4000244140625,240305,,NSE
CUMMINSIND,2024-01-08,2002.75,2011.949951171875,1969.3499755859375,2004.300048828125,443494,,NSE
CUMMINSIND,2024-01-09,2010.0,2066.85009765625,2008.0,2025.9000244140625,684150,,NSE
CUMMINSIND,2024-01-10,2025.9000244140625,2054.75,2000.0,2046.1500244140625,464463,,NSE
CUMMINSIND,2024-01-11,2042.0,2066.449951171875,2023.300048828125,2035.699951171875,459742,,NSE
CUMMINSIND,2024-01-12,2045.0,2054.800048828125,2015.0,2047.449951171875,488499,,NSE
CUMMINSIND,2024-01-15,2054.64990234375,2099.0,2040.0,2045.75,1030582,,NSE
CUMMINSIND,2024-01-16,2049.89990234375,2054.699951171875,2004.0999755859375,2019.800048828125,191012,,NSE
CUMMINSIND,2024-01-17,2000.0,2024.0,1978.199951171875,2009.9000244140625,242049,,NSE
CUMMINSIND,2024-01-18,2002.0,2038.75,1948.0,2030.800048828125,345585,,NSE
CUMMINSIND,2024-01-19,2032.0,2118.89990234375,2031.300048828125,2112.449951171875,700438,,NSE
CUMMINSIND,2024-01-23,2089.800048828125,2114.0,2085.10009765625,2097.75,482656,,NSE
CUMMINSIND,2024-01-24,2085.0,2177.0,2042.050048828125,2170.800048828125,1066789,,NSE
CUMMINSIND,2024-01-25,2160.0,2191.0,2147.10009765625,2161.89990234375,434655,,NSE
CUMMINSIND,2024-01-29,2168.0,2290.75,2164.050048828125,2255.14990234375,1135151,,NSE
CUMMINSIND,2024-01-30,2268.949951171875,2269.75,2208.25,2235.60009765625,326292,,NSE
CUMMINSIND,2024-01-31,2231.10009765625,2306.75,2190.050048828125,2293.85009765625,962485,,NSE
CUMMINSIND,2024-02-01,2300.0,2304.89990234375,2220.25,2262.89990234375,328995,,NSE
CUMMINSIND,2024-02-02,2255.0,2324.35009765625,2236.550048828125,2309.699951171875,663252,,NSE
CUMMINSIND,2024-02-05,2311.0,2373.89990234375,2291.050048828125,2350.199951171875,1055164,,NSE
CUMMINSIND,2024-02-06,2358.0,2414.949951171875,2329.550048828125,2401.85009765625,646602,,NSE
CUMMINSIND,2024-02-07,2401.0,2421.85009765625,2372.0,2400.199951171875,572250,,NSE
CUMMINSIND,2024-02-08,2639.5,2648.800048828125,2425.5,2585.25,4892636,,NSE
CUMMINSIND,2024-02-09,2599.85009765625,2638.550048828125,2546.64990234375,2602.949951171875,1543145,,NSE
CUMMINSIND,2024-02-12,2623.0,2623.0,2551.550048828125,2567.550048828125,1134382,,NSE
CUMMINSIND,2024-02-13,2567.949951171875,2571.449951171875,2506.14990234375,2543.10009765625,437422,,NSE
CUMMINSIND,2024-02-14,2522.0,2582.14990234375,2520.050048828125,2563.10009765625,501042,,NSE
CUMMINSIND,2024-02-15,2589.800048828125,2646.75,2569.35009765625,2633.35009765625,402747,,NSE
CUMMINSIND,2024-02-16,2640.0,2646.35009765625,2592.699951171875,2618.199951171875,351624,,NSE
CUMMINSIND,2024-02-19,2630.0,2671.550048828125,2601.699951171875,2658.75,508687,,NSE
CUMMINSIND,2024-02-20,2671.0,2679.5,2622.050048828125,2629.300048828125,264511,,NSE
CUMMINSIND,2024-02-21,2617.949951171875,2643.25,2591.199951171875,2607.89990234375,285288,,NSE
CUMMINSIND,2024-02-22,2604.64990234375,2789.75,2595.0,2760.85009765625,1179771,,NSE
CUMMINSIND,2024-02-23,2765.0,2828.0,2752.10009765625,2810.949951171875,951153,,NSE
CUMMINSIND,2024-02-26,2790.050048828125,2828.0,2650.10009765625,2733.550048828125,1848049,,NSE
CUMMINSIND,2024-02-27,2717.0,2797.89990234375,2716.199951171875,2754.10009765625,439505,,NSE
CUMMINSIND,2024-02-28,2760.0,2775.449951171875,2700.0,2714.60009765625,409541,,NSE
CUMMINSIND,2024-02-29,2710.0,2761.39990234375,2659.60009765625,2738.64990234375,1010604,,NSE
CUMMINSIND,2024-03-01,2749.0,2763.35009765625,2717.800048828125,2726.14990234375,431838,,NSE
CUMMINSIND,2024-03-04,2736.64990234375,2809.0,2703.0,2782.89990234375,932506,,NSE
CUMMINSIND,2024-03-05,2782.75,2798.949951171875,2765.0,2774.75,278427,,NSE
CUMMINSIND,2024-03-06,2784.0,2796.5,2709.050048828125,2784.300048828125,292058,,NSE
CUMMINSIND,2024-03-07,2800.0,2827.0,2775.14990234375,2787.0,479478,,NSE
CUMMINSIND,2024-03-11,2823.85009765625,2891.949951171875,2783.75,2795.85009765625,1183246,,NSE
CUMMINSIND,2024-03-12,2795.85009765625,2806.199951171875,2746.89990234375,2759.699951171875,287216,,NSE
CUMMINSIND,2024-03-13,2760.0,2797.699951171875,2652.0,2675.949951171875,612537,,NSE
CUMMINSIND,2024-03-14,2663.39990234375,2751.949951171875,2657.75,2724.050048828125,762079,,NSE
CUMMINSIND,2024-03-15,2723.949951171875,2737.10009765625,2678.5,2707.64990234375,472475,,NSE
CUMMINSIND,2024-03-18,2705.800048828125,2768.64990234375,2664.75,2712.699951171875,754044,,NSE
CUMMINSIND,2024-03-19,2713.0,2733.199951171875,2668.10009765625,2715.75,431587,,NSE
CUMMINSIND,2024-03-20,2715.0,2802.64990234375,2710.699951171875,2793.800048828125,886440,,NSE
CUMMINSIND,2024-03-21,2835.0,2908.449951171875,2817.10009765625,2898.25,857294,,NSE
CUMMINSIND,2024-03-22,2907.0,2948.0,2872.550048828125,2930.800048828125,568710,,NSE
CUMMINSIND,2024-03-26,2938.949951171875,2985.0,2918.25,2969.10009765625,513559,,NSE
CUMMINSIND,2024-03-27,2988.0,3012.0,2947.199951171875,2968.35009765625,384326,,NSE
CUMMINSIND,2024-03-28,2986.449951171875,3025.0,2939.14990234375,3006.25,827120,,NSE
CUMMINSIND,2024-04-01,3025.0,3039.0,2980.10009765625,3003.39990234375,510013,,NSE
CUMMINSIND,2024-04-02,3028.0,3054.14990234375,2987.75,3038.60009765625,345280,,NSE
CUMMINSIND,2024-04-03,3017.949951171875,3062.75,2971.85009765625,3049.199951171875,739575,,NSE
CUMMINSIND,2024-04-04,3050.0,3053.0,2995.14990234375,3029.75,452822,,NSE
CUMMINSIND,2024-04-05,3011.0,3039.550048828125,3003.050048828125,3032.0,310015,,NSE
CUMMINSIND,2024-04-08,3044.85009765625,3044.85009765625,2922.550048828125,2988.199951171875,1111709,,NSE
CUMMINSIND,2024-04-09,2987.949951171875,2994.35009765625,2929.60009765625,2938.35009765625,285172,,NSE
CUMMINSIND,2024-04-10,2939.10009765625,3007.699951171875,2939.10009765625,3000.949951171875,547302,,NSE
CUMMINSIND,2024-04-12,3031.0,3099.0,3016.300048828125,3060.199951171875,751185,,NSE
CUMMINSIND,2024-04-15,3040.0,3078.300048828125,3022.300048828125,3042.60009765625,433380,,NSE
CUMMINSIND,2024-04-16,3020.0,3133.199951171875,3013.5,3120.64990234375,562240,,NSE
CUMMINSIND,2024-04-18,3120.0,3161.14990234375,3090.800048828125,3124.050048828125,654035,,NSE
CUMMINSIND,2024-04-19,3125.0,3125.0,3025.800048828125,3038.25,402676,,NSE
CUMMINSIND,2024-04-22,3040.300048828125,3145.0,3039.0,3128.10009765625,365623,,NSE
CUMMINSIND,2024-04-23,3150.0,3188.0,3118.0,3159.14990234375,316601,,NSE
CUMMINSIND,2024-04-24,3193.0,3262.800048828125,3181.550048828125,3244.300048828125,663114,,NSE
CUMMINSIND,2024-04-25,3244.300048828125,3270.0,3223.64990234375,3233.39990234375,339113,,NSE
CUMMINSIND,2024-04-26,3260.0,3267.0,3205.0,3240.85009765625,238555,,NSE
CUMMINSIND,2024-04-29,3251.10009765625,3336.25,3247.050048828125,3305.75,527287,,NSE
CUMMINSIND,2024-04-30,3318.949951171875,3326.449951171875,3265.0,3275.449951171875,526043,,NSE
CUMMINSIND,2024-05-02,3274.0,3332.5,3245.800048828125,3304.199951171875,361820,,NSE
CUMMINSIND,2024-05-03,3310.0,3478.39990234375,3211.10009765625,3406.85009765625,1585260,,NSE
CUMMINSIND,2024-05-06,3432.14990234375,3432.14990234375,3361.75,3409.800048828125,511877,,NSE
CUMMINSIND,2024-05-07,3402.0,3455.89990234375,3322.5,3372.300048828125,341624,,NSE
CUMMINSIND,2024-05-08,3376.10009765625,3466.0,3350.0,3444.550048828125,353585,,NSE
CUMMINSIND,2024-05-09,3446.10009765625,3451.64990234375,3384.39990234375,3398.10009765625,257217,,NSE
CUMMINSIND,2024-05-10,3397.85009765625,3431.800048828125,3385.050048828125,3411.800048828125,320278,,NSE
CUMMINSIND,2024-05-13,3432.0,3527.89990234375,3403.64990234375,3512.35009765625,1427509,,NSE
CUMMINSIND,2024-05-14,3521.949951171875,3579.5,3455.0,3571.699951171875,415369,,NSE
CUMMINSIND,2024-05-15,3580.0,3704.0,3564.14990234375,3683.199951171875,1317014,,NSE
CUMMINSIND,2024-05-16,3691.5,3789.0,3652.449951171875,3728.5,927635,,NSE
CUMMINSIND,2024-05-17,3762.0,3832.89990234375,3724.35009765625,3790.85009765625,700512,,NSE
CUMMINSIND,2024-05-21,3877.0,3889.0,3735.39990234375,3749.10009765625,663444,,NSE
CUMMINSIND,2024-05-22,3787.949951171875,3787.949951171875,3682.5,3734.300048828125,479447,,NSE
CUMMINSIND,2024-05-23,3764.800048828125,3780.0,3714.35009765625,3759.0,266131,,NSE
CUMMINSIND,2024-05-24,3768.0,3770.949951171875,3704.0,3713.85009765625,308558,,NSE
CUMMINSIND,2024-05-27,3732.5,3878.699951171875,3704.699951171875,3805.25,2514197,,NSE
CUMMINSIND,2024-05-28,3805.35009765625,3849.0,3736.5,3832.300048828125,527402,,NSE
CUMMINSIND,2024-05-29,3845.5,3859.89990234375,3760.0,3834.64990234375,1036254,,NSE
CUMMINSIND,2024-05-30,3885.050048828125,3900.0,3587.39990234375,3596.800048828125,3481626,,NSE
CUMMINSIND,2024-05-31,3592.75,3595.0,3460.25,3551.300048828125,2778125,,NSE
CUMMINSIND,2024-06-03,3650.0,3724.949951171875,3615.949951171875,3712.25,1219845,,NSE
CUMMINSIND,2024-06-04,3712.25,3720.0,3102.14990234375,3245.89990234375,1891496,,NSE
CUMMINSIND,2024-06-05,3259.0,3432.0,3160.0,3404.10009765625,1250711,,NSE
CUMMINSIND,2024-06-06,3454.550048828125,3569.0,3412.199951171875,3505.300048828125,1005234,,NSE
CUMMINSIND,2024-06-07,3480.199951171875,3619.0,3480.199951171875,3606.550048828125,549839,,NSE
CUMMINSIND,2024-06-10,3624.699951171875,3640.0,3503.5,3544.050048828125,1386803,,NSE
CUMMINSIND,2024-06-11,3544.300048828125,3616.949951171875,3544.300048828125,3565.60009765625,397111,,NSE
CUMMINSIND,2024-06-12,3570.64990234375,3719.800048828125,3567.0,3674.85009765625,941192,,NSE
CUMMINSIND,2024-06-13,3734.550048828125,3752.35009765625,3683.64990234375,3712.5,978790,,NSE
CUMMINSIND,2024-06-14,3727.800048828125,3871.800048828125,3717.0,3825.60009765625,1397955,,NSE
CUMMINSIND,2024-06-18,3849.949951171875,3849.949951171875,3735.0,3825.85009765625,548966,,NSE
CUMMINSIND,2024-06-19,3860.0,3969.800048828125,3760.0,3791.5,1769573,,NSE
CUMMINSIND,2024-06-20,3790.0,3874.89990234375,3768.75,3857.0,610293,,NSE
CUMMINSIND,2024-06-21,3885.949951171875,3938.949951171875,3850.0,3899.949951171875,908528,,NSE
CUMMINSIND,2024-06-24,3858.050048828125,4100.0,3815.300048828125,4042.5,2042932,,NSE
CUMMINSIND,2024-06-25,4089.949951171875,4171.89990234375,3965.699951171875,4006.800048828125,1214055,,NSE
CUMMINSIND,2024-06-26,4029.0,4041.699951171875,3979.39990234375,3999.300048828125,520613,,NSE
CUMMINSIND,2024-06-27,3977.39990234375,4154.35009765625,3945.35009765625,4104.14990234375,2074872,,NSE
CUMMINSIND,2024-06-28,4103.60009765625,4103.60009765625,3954.300048828125,3966.85009765625,651880,,NSE
CUMMINSIND,2024-07-01,3960.050048828125,4005.0,3912.64990234375,3985.800048828125,471217,,NSE
CUMMINSIND,2024-07-02,4003.0,4048.050048828125,3885.25,3936.050048828125,650017,,NSE
CUMMINSIND,2024-07-03,3950.0,3978.0,3910.0,3957.949951171875,401559,,NSE
CUMMINSIND,2024-07-04,3973.949951171875,4114.9501953125,3951.35009765625,4064.300048828125,1127996,,NSE
CUMMINSIND,2024-07-05,4094.0,4149.89990234375,4045.35009765625,4134.0,574786,,NSE
CUMMINSIND,2024-07-08,4144.0,4154.0,3960.800048828125,4000.85009765625,937986,,NSE
CUMMINSIND,2024-07-09,3983.199951171875,4050.0,3968.35009765625,3985.800048828125,432053,,NSE
CUMMINSIND,2024-07-10,3999.0,4040.0,3925.800048828125,4032.75,333049,,NSE
CUMMINSIND,2024-07-11,4032.75,4056.800048828125,3975.050048828125,3996.300048828125,278392,,NSE
CUMMINSIND,2024-07-12,3990.0,3998.0,3942.199951171875,3954.050048828125,669534,,NSE
CUMMINSIND,2024-07-15,3970.0,3985.0,3865.35009765625,3890.800048828125,898925,,NSE
CUMMINSIND,2024-07-16,3949.0,3949.0,3858.0,3869.10009765625,377594,,NSE
CUMMINSIND,2024-07-18,3854.0,3860.0,3760.0,3796.85009765625,826073,,NSE
CUMMINSIND,2024-07-19,3796.85009765625,3833.949951171875,3549.60009765625,3559.449951171875,1375041,,NSE
CUMMINSIND,2024-07-22,3545.0,3668.75,3501.39990234375,3611.699951171875,1311522,,NSE
CUMMINSIND,2024-07-23,3650.0,3690.89990234375,3407.050048828125,3576.85009765625,894196,,NSE
CUMMINSIND,2024-07-24,3576.85009765625,3658.949951171875,3500.0,3541.35009765625,833741,,NSE
CUMMINSIND,2024-07-25,3478.25,3649.0,3452.050048828125,3610.699951171875,1111742,,NSE
CUMMINSIND,2024-07-26,3629.0,3744.89990234375,3624.050048828125,3718.14990234375,550113,,NSE
CUMMINSIND,2024-07-29,3730.0,3807.25,3696.0,3777.0,667727,,NSE
CUMMINSIND,2024-07-30,3780.0,3832.050048828125,3757.949951171875,3807.449951171875,322462,,NSE
CUMMINSIND,2024-07-31,3817.75,3867.949951171875,3802.25,3852.35009765625,386818,,NSE
CUMMINSIND,2024-08-01,3850.0,3864.949951171875,3790.14990234375,3815.0,337985,,NSE
CUMMINSIND,2024-08-02,3699.699951171875,3702.39990234375,3471.60009765625,3510.85009765625,4800901,,NSE
CUMMINSIND,2024-08-05,3431.60009765625,3525.0,3359.050048828125,3497.89990234375,1442742,,NSE
CUMMINSIND,2024-08-06,3510.699951171875,3596.550048828125,3501.0,3522.10009765625,1367913,,NSE
CUMMINSIND,2024-08-07,3564.0,3815.800048828125,3452.0,3748.550048828125,3498089,,NSE
CUMMINSIND,2024-08-08,3700.0,3767.5,3663.0,3728.5,993412,,NSE
CUMMINSIND,2024-08-09,3759.550048828125,3824.0,3701.14990234375,3715.10009765625,644934,,NSE
CUMMINSIND,2024-08-12,3685.0,3776.550048828125,3650.050048828125,3753.60009765625,716376,,NSE
CUMMINSIND,2024-08-13,3735.14990234375,3754.550048828125,3660.35009765625,3705.199951171875,417701,,NSE
CUMMINSIND,2024-08-14,3725.0,3736.800048828125,3662.60009765625,3724.449951171875,432049,,NSE
CUMMINSIND,2024-08-16,3730.0,3770.300048828125,3683.550048828125,3761.39990234375,419710,,NSE
CUMMINSIND,2024-08-19,3781.0,3804.5,3720.0,3754.85009765625,562243,,NSE
CUMMINSIND,2024-08-20,3780.0,3844.0,3724.699951171875,3829.550048828125,545141,,NSE
CUMMINSIND,2024-08-21,3844.949951171875,3860.949951171875,3800.39990234375,3833.35009765625,522503,,NSE
CUMMINSIND,2024-08-22,3839.0,3843.199951171875,3802.199951171875,3815.699951171875,181744,,NSE
CUMMINSIND,2024-08-23,3815.0,3852.699951171875,3780.0,3821.949951171875,355889,,NSE
CUMMINSIND,2024-08-26,3850.0,3929.0,3821.25,3860.449951171875,812751,,NSE
CUMMINSIND,2024-08-27,3854.949951171875,3858.0,3752.800048828125,3768.60009765625,704348,,NSE
CUMMINSIND,2024-08-28,3780.0,3785.0,3723.199951171875,3737.050048828125,669653,,NSE
CUMMINSIND,2024-08-29,3737.0,3749.949951171875,3691.050048828125,3734.85009765625,338528,,NSE
CUMMINSIND,2024-08-30,3735.0,3771.5,3721.14990234375,3744.699951171875,632373,,NSE
CUMMINSIND,2024-09-02,3769.89990234375,3815.0,3744.699951171875,3804.39990234375,465810,,NSE
CUMMINSIND,2024-09-03,3838.89990234375,3842.85009765625,3814.5,3831.25,468471,,NSE
CUMMINSIND,2024-09-04,3800.0,3882.5,3796.199951171875,3870.050048828125,374494,,NSE
CUMMINSIND,2024-09-05,3872.0,3895.75,3810.64990234375,3841.35009765625,746864,,NSE
CUMMINSIND,2024-09-06,3840.0,3860.0,3752.10009765625,3765.64990234375,440240,,NSE
CUMMINSIND,2024-09-09,3765.0,3765.0,3661.25,3671.449951171875,496595,,NSE
CUMMINSIND,2024-09-10,3716.60009765625,3765.0,3677.699951171875,3744.25,385377,,NSE
CUMMINSIND,2024-09-11,3746.0,3862.89990234375,3746.0,3797.39990234375,393675,,NSE
CUMMINSIND,2024-09-12,3825.0,3832.14990234375,3750.0,3822.85009765625,676639,,NSE
CUMMINSIND,2024-09-13,3848.0,3848.0,3768.85009765625,3784.60009765625,523385,,NSE
CUMMINSIND,2024-09-16,3810.0,3832.300048828125,3775.199951171875,3817.699951171875,383239,,NSE
CUMMINSIND,2024-09-17,3780.050048828125,3851.14990234375,3780.050048828125,3845.949951171875,190892,,NSE
CUMMINSIND,2024-09-18,3849.0,3866.050048828125,3742.800048828125,3764.0,208050,,NSE
CUMMINSIND,2024-09-19,3800.0,3827.14990234375,3610.60009765625,3727.800048828125,513980,,NSE
CUMMINSIND,2024-09-20,3738.949951171875,3832.050048828125,3677.800048828125,3814.050048828125,686932,,NSE
CUMMINSIND,2024-09-23,3824.949951171875,3883.0,3797.89990234375,3865.800048828125,512848,,NSE
CUMMINSIND,2024-09-24,3863.64990234375,3891.699951171875,3838.14990234375,3852.89990234375,403762,,NSE
CUMMINSIND,2024-09-25,3862.0,3927.0,3743.550048828125,3763.699951171875,698850,,NSE
CUMMINSIND,2024-09-26,3764.0,3805.0,3730.0,3794.199951171875,283237,,NSE
CUMMINSIND,2024-09-27,3794.25,3878.0,3780.25,3864.800048828125,361709,,NSE
CUMMINSIND,2024-09-30,3864.14990234375,3875.89990234375,3761.0,3806.050048828125,429408,,NSE
CUMMINSIND,2024-10-01,3820.0,3891.699951171875,3794.050048828125,3875.85009765625,301686,,NSE
CUMMINSIND,2024-10-03,3869.949951171875,3870.0,3662.800048828125,3682.64990234375,560379,,NSE
CUMMINSIND,2024-10-04,3683.800048828125,3707.0,3607.89990234375,3623.5,486955,,NSE
CUMMINSIND,2024-10-07,3580.35009765625,3656.0,3526.0,3591.0,514843,,NSE
CUMMINSIND,2024-10-08,3600.0,3725.0,3591.199951171875,3708.300048828125,265947,,NSE
CUMMINSIND,2024-10-09,3724.35009765625,3825.0,3705.60009765625,3761.800048828125,322648,,NSE
CUMMINSIND,2024-10-10,3765.0,3811.0,3747.050048828125,3782.64990234375,186298,,NSE
CUMMINSIND,2024-10-11,3700.0,3737.0,3565.0,3614.14990234375,1851770,,NSE
CUMMINSIND,2024-10-14,3614.14990234375,3686.0,3589.5,3667.800048828125,613526,,NSE
CUMMINSIND,2024-10-15,3680.0,3709.0,3648.60009765625,3669.050048828125,272730,,NSE
CUMMINSIND,2024-10-16,3671.89990234375,3846.10009765625,3671.89990234375,3798.39990234375,1063163,,NSE
CUMMINSIND,2024-10-17,3835.0,3835.0,3682.10009765625,3692.0,306393,,NSE
CUMMINSIND,2024-10-18,3687.050048828125,3715.5,3640.0,3710.10009765625,200159,,NSE
CUMMINSIND,2024-10-21,3711.75,3738.35009765625,3568.85009765625,3579.300048828125,470459,,NSE
CUMMINSIND,2024-10-22,3579.300048828125,3627.699951171875,3528.0,3541.39990234375,312283,,NSE
CUMMINSIND,2024-10-23,3541.39990234375,3560.85009765625,3393.10009765625,3419.89990234375,507633,,NSE
CUMMINSIND,2024-10-24,3440.0,3459.85009765625,3355.550048828125,3397.10009765625,273625,,NSE
CUMMINSIND,2024-10-25,3397.10009765625,3429.0,3311.199951171875,3370.14990234375,267615,,NSE
CUMMINSIND,2024-10-28,3370.14990234375,3441.85009765625,3328.10009765625,3419.10009765625,576259,,NSE
CUMMINSIND,2024-10-29,3424.89990234375,3486.949951171875,3384.0,3474.25,445323,,NSE
CUMMINSIND,2024-10-30,3471.0,3542.85009765625,3448.050048828125,3511.5,439545,,NSE
CUMMINSIND,2024-10-31,3542.64990234375,3595.0,3461.550048828125,3500.60009765625,695092,,NSE
CUMMINSIND,2024-11-01,3530.0,3530.0,3486.949951171875,3499.75,42900,,NSE
CUMMINSIND,2024-11-04,3514.949951171875,3514.949951171875,3443.949951171875,3475.75,599036,,NSE
CUMMINSIND,2024-11-05,3489.85009765625,3505.949951171875,3405.050048828125,3484.449951171875,491406,,NSE
CUMMINSIND,2024-11-06,3401.0,3632.949951171875,3401.0,3611.64990234375,884916,,NSE
CUMMINSIND,2024-11-07,3639.5,3657.0,3536.300048828125,3554.550048828125,402270,,NSE
CUMMINSIND,2024-11-08,3600.949951171875,3691.949951171875,3478.5,3655.35009765625,2259037,,NSE
CUMMINSIND,2024-11-11,3645.0,3645.0,3501.449951171875,3601.949951171875,837743,,NSE
CUMMINSIND,2024-11-12,3601.949951171875,3643.5,3457.0,3480.35009765625,743826,,NSE
CUMMINSIND,2024-11-13,3480.35009765625,3495.89990234375,3313.35009765625,3326.050048828125,789671,,NSE
CUMMINSIND,2024-11-14,3336.050048828125,3379.0,3273.050048828125,3329.800048828125,709817,,NSE
CUMMINSIND,2024-11-18,3300.0,3368.0,3270.199951171875,3352.550048828125,897540,,NSE
CUMMINSIND,2024-11-19,3377.0,3406.25,3290.550048828125,3301.25,427254,,NSE
CUMMINSIND,2024-11-21,3292.050048828125,3310.0,3244.25,3282.25,509750,,NSE
CUMMINSIND,2024-11-22,3284.949951171875,3339.0,3263.050048828125,3319.39990234375,847791,,NSE
CUMMINSIND,2024-11-25,3400.0,3549.0,3361.60009765625,3535.85009765625,977534,,NSE
CUMMINSIND,2024-11-26,3540.0,3556.39990234375,3452.300048828125,3463.199951171875,337367,,NSE
CUMMINSIND,2024-11-27,3520.0,3520.0,3425.300048828125,3500.699951171875,367758,,NSE
CUMMINSIND,2024-11-28,3503.0,3513.699951171875,3439.050048828125,3481.25,343777,,NSE
CUMMINSIND,2024-11-29,3488.0,3514.0,3460.0,3483.699951171875,431448,,NSE
CUMMINSIND,2024-12-02,3500.0,3500.0,3415.199951171875,3430.0,559721,,NSE
CUMMINSIND,2024-12-03,3436.800048828125,3547.949951171875,3435.050048828125,3512.300048828125,685485,,NSE
CUMMINSIND,2024-12-04,3535.0,3578.85009765625,3517.5,3545.300048828125,484852,,NSE
CUMMINSIND,2024-12-05,3584.0,3584.0,3435.050048828125,3456.699951171875,554598,,NSE
CUMMINSIND,2024-12-06,3474.0,3497.85009765625,3455.550048828125,3465.0,250689,,NSE
CUMMINSIND,2024-12-09,3469.949951171875,3518.0,3460.0,3509.14990234375,185203,,NSE
CUMMINSIND,2024-12-10,3511.050048828125,3547.60009765625,3502.550048828125,3526.199951171875,241848,,NSE
CUMMINSIND,2024-12-11,3527.89990234375,3647.800048828125,3517.050048828125,3604.5,554451,,NSE
CUMMINSIND,2024-12-12,3604.5,3644.199951171875,3588.10009765625,3611.60009765625,342086,,NSE
CUMMINSIND,2024-12-13,3610.0,3629.949951171875,3528.75,3599.89990234375,280895,,NSE
CUMMINSIND,2024-12-16,3619.89990234375,3682.0,3597.75,3671.39990234375,385473,,NSE
CUMMINSIND,2024-12-17,3684.0,3691.0,3518.0,3543.949951171875,456521,,NSE
CUMMINSIND,2024-12-18,3540.050048828125,3551.449951171875,3500.050048828125,3526.300048828125,324397,,NSE
CUMMINSIND,2024-12-19,3456.300048828125,3480.0,3341.0,3357.64990234375,863891,,NSE
CUMMINSIND,2024-12-20,3357.64990234375,3407.25,3304.050048828125,3312.89990234375,639822,,NSE
CUMMINSIND,2024-12-23,3343.0,3398.949951171875,3301.10009765625,3360.300048828125,273118,,NSE
CUMMINSIND,2024-12-24,3360.0,3396.89990234375,3330.64990234375,3377.199951171875,309606,,NSE
CUMMINSIND,2024-12-26,3395.0,3400.0,3178.10009765625,3364.25,2207146,,NSE
CUMMINSIND,2024-12-27,3347.449951171875,3398.050048828125,3289.0,3297.64990234375,342055,,NSE
CUMMINSIND,2024-12-30,3274.699951171875,3303.300048828125,3201.0,3220.949951171875,2494608,,NSE
CUMMINSIND,2024-12-31,3220.949951171875,3308.0,3220.949951171875,3274.0,540344,,NSE
CUMMINSIND,2025-01-01,3274.0,3274.0,3222.0,3230.5,254916,,NSE
CUMMINSIND,2025-01-02,3230.5,3274.0,3192.75,3257.449951171875,924230,,NSE
CUMMINSIND,2025-01-03,3275.0,3299.0,3200.0,3216.89990234375,720321,,NSE
CUMMINSIND,2025-01-06,3237.949951171875,3239.949951171875,3151.800048828125,3176.199951171875,956388,,NSE
CUMMINSIND,2025-01-07,3176.199951171875,3227.949951171875,3152.050048828125,3164.5,554853,,NSE
CUMMINSIND,2025-01-08,3215.0,3215.0,3121.85009765625,3163.89990234375,448082,,NSE
CUMMINSIND,2025-01-09,3164.10009765625,3172.699951171875,3088.39990234375,3108.5,762592,,NSE
CUMMINSIND,2025-01-10,3105.0,3113.449951171875,2988.89990234375,2999.449951171875,632659,,NSE
CUMMINSIND,2025-01-13,2952.60009765625,2988.60009765625,2853.64990234375,2873.35009765625,597634,,NSE
CUMMINSIND,2025-01-14,2873.35009765625,2950.0,2873.35009765625,2940.949951171875,331376,,NSE
CUMMINSIND,2025-01-15,2962.0,2964.949951171875,2840.10009765625,2888.300048828125,677709,,NSE
CUMMINSIND,2025-01-16,2890.0,2939.199951171875,2886.5,2924.949951171875,585735,,NSE
CUMMINSIND,2025-01-17,2924.949951171875,2959.949951171875,2908.0,2935.25,226368,,NSE
CUMMINSIND,2025-01-20,2959.0,2959.0,2906.85009765625,2943.300048828125,227986,,NSE
CUMMINSIND,2025-01-21,2945.0,2973.0,2900.0,2903.800048828125,403269,,NSE
CUMMINSIND,2025-01-22,2925.0,2925.0,2822.699951171875,2883.75,619181,,NSE
CUMMINSIND,2025-01-23,2883.75,2937.0,2853.0,2889.050048828125,256027,,NSE
CUMMINSIND,2025-01-24,2891.0,2904.699951171875,2799.949951171875,2804.050048828125,269838,,NSE
CUMMINSIND,2025-01-27,2814.949951171875,2819.800048828125,2700.0,2775.199951171875,454728,,NSE
CUMMINSIND,2025-01-28,2786.300048828125,2812.64990234375,2705.199951171875,2739.60009765625,622614,,NSE
CUMMINSIND,2025-01-29,2749.89990234375,2866.199951171875,2741.10009765625,2848.89990234375,537445,,NSE
CUMMINSIND,2025-01-30,2850.39990234375,2875.449951171875,2820.0,2852.949951171875,428601,,NSE
CUMMINSIND,2025-01-31,2852.949951171875,2943.0,2837.800048828125,2914.050048828125,415544,,NSE
CUMMINSIND,2025-02-01,2944.550048828125,2996.449951171875,2736.800048828125,2797.449951171875,1121092,,NSE
CUMMINSIND,2025-02-03,2790.0,2793.5,2660.60009765625,2700.699951171875,1133967,,NSE
CUMMINSIND,2025-02-04,2710.5,2863.949951171875,2705.14990234375,2853.5,1731462,,NSE
CUMMINSIND,2025-02-05,2860.0,2973.0,2856.949951171875,2921.14990234375,1117642,,NSE
CUMMINSIND,2025-02-06,3067.0,3090.0,2924.14990234375,2965.10009765625,2266222,,NSE
CUMMINSIND,2025-02-07,2989.699951171875,2989.699951171875,2826.14990234375,2871.89990234375,1103565,,NSE
CUMMINSIND,2025-02-10,2876.39990234375,2976.0,2870.0,2890.39990234375,1127133,,NSE
CUMMINSIND,2025-02-11,2880.0,2884.0,2792.0,2836.300048828125,813128,,NSE
CUMMINSIND,2025-02-12,2825.0,2830.25,2729.050048828125,2810.89990234375,460427,,NSE
CUMMINSIND,2025-02-13,2820.0,2870.800048828125,2783.85009765625,2801.300048828125,398078,,NSE
CUMMINSIND,2025-02-14,2800.0,2804.89990234375,2696.199951171875,2734.800048828125,420649,,NSE
CUMMINSIND,2025-02-17,2700.0,2733.199951171875,2636.75,2721.449951171875,507208,,NSE
CUMMINSIND,2025-02-18,2720.0,2724.75,2674.10009765625,2717.0,661971,,NSE
CUMMINSIND,2025-02-19,2700.0,2730.60009765625,2667.300048828125,2690.300048828125,908689,,NSE
CUMMINSIND,2025-02-20,2697.0,2824.449951171875,2675.64990234375,2818.60009765625,438545,,NSE
CUMMINSIND,2025-02-21,2800.0,2860.300048828125,2797.0,2836.14990234375,627587,,NSE
CUMMINSIND,2025-02-24,2800.0,2840.0,2768.050048828125,2832.699951171875,305219,,NSE
CUMMINSIND,2025-02-25,2832.699951171875,2846.050048828125,2770.0,2788.14990234375,379168,,NSE
CUMMINSIND,2025-02-27,2766.35009765625,2820.89990234375,2766.35009765625,2811.14990234375,496668,,NSE
CUMMINSIND,2025-02-28,2800.0,2805.0,2701.449951171875,2717.949951171875,826862,,NSE
CUMMINSIND,2025-03-03,2724.949951171875,2836.60009765625,2693.050048828125,2824.800048828125,697974,,NSE
CUMMINSIND,2025-03-04,2782.0,2876.14990234375,2758.14990234375,2861.10009765625,614448,,NSE
CUMMINSIND,2025-03-05,2861.10009765625,2910.0,2822.85009765625,2903.949951171875,541007,,NSE
CUMMINSIND,2025-03-06,2922.0,3050.0,2912.64990234375,2973.10009765625,1201264,,NSE
CUMMINSIND,2025-03-07,2983.699951171875,2990.300048828125,2891.60009765625,2899.050048828125,280406,,NSE
CUMMINSIND,2025-03-10,2893.0,2934.949951171875,2842.550048828125,2864.449951171875,434718,,NSE
CUMMINSIND,2025-03-11,2842.0,2890.0,2808.949951171875,2875.25,344048,,NSE
CUMMINSIND,2025-03-12,2875.25,2892.14990234375,2781.0,2818.75,301503,,NSE
CUMMINSIND,2025-03-13,2819.75,2890.5,2808.949951171875,2835.25,382212,,NSE
CUMMINSIND,2025-03-17,2831.0,2872.449951171875,2817.10009765625,2862.10009765625,205971,,NSE
CUMMINSIND,2025-03-18,2862.10009765625,2862.10009765625,2862.10009765625,2862.10009765625,0,,NSE
CUMMINSIND,2025-03-19,2939.050048828125,3014.10009765625,2930.300048828125,3002.199951171875,256853,,NSE
CUMMINSIND,2025-03-20,3025.199951171875,3028.949951171875,2948.0,2990.60009765625,249139,,NSE
CUMMINSIND,2025-03-21,2990.0,3029.89990234375,2924.0,2937.75,764045,,NSE
CUMMINSIND,2025-03-24,2945.0,3078.949951171875,2945.0,3056.25,630555,,NSE
CUMMINSIND,2025-03-25,3080.0,3085.0,2946.550048828125,2962.5,349961,,NSE
CUMMINSIND,2025-03-26,2974.0,3070.0,2950.550048828125,3004.949951171875,620642,,NSE
CUMMINSIND,2025-03-27,3004.949951171875,3056.0,2976.800048828125,3004.35009765625,731950,,NSE
CUMMINSIND,2025-03-28,3019.0,3079.0,3001.14990234375,3051.85009765625,444898,,NSE
CUMMINSIND,2025-04-01,3052.60009765625,3078.0,2993.5,3010.10009765625,209326,,NSE
CUMMINSIND,2025-04-02,3011.699951171875,3059.35009765625,2966.0,3051.550048828125,393120,,NSE
CUMMINSIND,2025-04-03,3006.25,3037.0,2965.25,3032.75,221736,,NSE
CUMMINSIND,2025-04-04,3020.0,3029.949951171875,2832.0,2844.949951171875,541390,,NSE
CUMMINSIND,2025-04-07,2580.0,2739.550048828125,2580.0,2711.25,670595,,NSE
CUMMINSIND,2025-04-08,2833.199951171875,2833.199951171875,2738.050048828125,2746.0,668259,,NSE
CUMMINSIND,2025-04-09,2738.0,2789.64990234375,2690.0,2781.449951171875,320068,,NSE
CUMMINSIND,2025-04-11,2800.0,2852.0,2752.10009765625,2814.949951171875,678895,,NSE
CUMMINSIND,2025-04-15,2900.0,2939.39990234375,2851.0,2920.699951171875,508807,,NSE
CUMMINSIND,2025-04-16,2935.0,2948.0,2887.0,2895.5,184784,,NSE
CUMMINSIND,2025-04-17,2890.0,2919.0,2831.60009765625,2891.199951171875,468043,,NSE
CUMMINSIND,2025-04-21,2891.199951171875,2946.0,2891.199951171875,2914.60009765625,322569,,NSE
CUMMINSIND,2025-04-22,2915.0,2938.0,2871.5,2896.5,229160,,NSE
CUMMINSIND,2025-04-23,2900.0,2972.60009765625,2860.0,2965.89990234375,379894,,NSE
CUMMINSIND,2025-04-24,2965.89990234375,2965.89990234375,2891.5,2935.89990234375,557806,,NSE
CUMMINSIND,2025-04-25,2938.0,2955.0,2798.10009765625,2861.10009765625,524622,,NSE
CUMMINSIND,2025-04-28,2850.0,2938.10009765625,2850.0,2920.60009765625,267267,,NSE
CUMMINSIND,2025-04-29,2901.199951171875,2957.89990234375,2885.0,2899.89990234375,314864,,NSE
CUMMINSIND,2025-04-30,2899.89990234375,2928.800048828125,2870.89990234375,2895.39990234375,306927,,NSE
CUMMINSIND,2025-05-02,2899.0,2961.699951171875,2881.0,2884.39990234375,239237,,NSE
CUMMINSIND,2025-05-05,2899.89990234375,2963.800048828125,2890.10009765625,2940.199951171875,443632,,NSE
CUMMINSIND,2025-05-06,2820.0,2820.0,2711.0,2790.300048828125,2160557,,NSE
CUMMINSIND,2025-05-07,2760.0,2862.5,2759.800048828125,2843.5,681942,,NSE
CUMMINSIND,2025-05-08,2850.10009765625,2850.10009765625,2752.800048828125,2770.699951171875,581634,,NSE
CUMMINSIND,2025-05-09,2712.0,2765.0,2706.0,2736.300048828125,630999,,NSE
CUMMINSIND,2025-05-12,2778.5,2884.0,2778.5,2862.89990234375,583411,,NSE
CUMMINSIND,2025-05-13,2862.89990234375,2909.39990234375,2850.0,2879.39990234375,356527,,NSE
CUMMINSIND,2025-05-14,2880.5,2920.0,2856.5,2872.0,362951,,NSE
CUMMINSIND,2025-05-15,2895.0,2954.39990234375,2876.10009765625,2949.199951171875,669873,,NSE
CUMMINSIND,2025-05-16,2951.800048828125,3043.0,2937.699951171875,3035.60009765625,514592,,NSE
CUMMINSIND,2025-05-19,3030.0,3063.60009765625,2981.300048828125,2994.10009765625,758624,,NSE
CUMMINSIND,2025-05-20,3015.0,3024.300048828125,2937.10009765625,2949.699951171875,794742,,NSE
CUMMINSIND,2025-05-21,2975.0,3008.0,2946.60009765625,2980.89990234375,622452,,NSE
CUMMINSIND,2025-05-22,2984.0,3018.89990234375,2956.0,2977.5,562965,,NSE
CUMMINSIND,2025-05-23,2990.0,3009.199951171875,2926.199951171875,2940.39990234375,504260,,NSE
CUMMINSIND,2025-05-26,2961.0,2973.199951171875,2915.60009765625,2944.60009765625,338056,,NSE
CUMMINSIND,2025-05-27,2961.5,2985.60009765625,2921.10009765625,2973.89990234375,500719,,NSE
CUMMINSIND,2025-05-28,2989.0,3023.39990234375,2959.300048828125,2976.10009765625,691220,,NSE
CUMMINSIND,2025-05-29,3000.10009765625,3207.699951171875,3000.10009765625,3169.39990234375,4080348,,NSE
CUMMINSIND,2025-05-30,3189.0,3289.10009765625,3185.199951171875,3268.10009765625,2900183,,NSE
CUMMINSIND,2025-06-02,3267.0,3325.0,3222.60009765625,3319.300048828125,1201170,,NSE
CUMMINSIND,2025-06-03,3324.0,3359.39990234375,3297.199951171875,3318.60009765625,824615,,NSE
CUMMINSIND,2025-06-04,3321.0,3377.0,3319.0,3346.89990234375,1022651,,NSE
CUMMINSIND,2025-06-05,3355.0,3380.0,3325.0,3349.199951171875,483101,,NSE
CUMMINSIND,2025-06-06,3370.0,3408.300048828125,3349.5,3384.10009765625,563840,,NSE
CUMMINSIND,2025-06-09,3400.0,3419.5,3385.0,3411.800048828125,165645,,NSE
CUMMINSIND,2025-06-10,3419.0,3419.0,3377.699951171875,3388.699951171875,258372,,NSE
CUMMINSIND,2025-06-11,3390.0,3403.300048828125,3361.0,3373.300048828125,297427,,NSE
CUMMINSIND,2025-06-12,3386.0,3390.0,3312.0,3322.5,385374,,NSE
CUMMINSIND,2025-06-13,3255.0,3323.0,3248.10009765625,3310.0,359883,,NSE
CUMMINSIND,2025-06-16,3314.89990234375,3347.89990234375,3275.0,3307.60009765625,433939,,NSE
CUMMINSIND,2025-06-17,3320.0,3339.39990234375,3293.5,3316.5,667500,,NSE
CUMMINSIND,2025-06-18,3294.5,3312.300048828125,3258.800048828125,3277.800048828125,402785,,NSE
CUMMINSIND,2025-06-19,3273.800048828125,3312.0,3224.39990234375,3237.300048828125,409828,,NSE
CUMMINSIND,2025-06-20,3237.300048828125,3306.89990234375,3212.199951171875,3271.5,619032,,NSE
CUMMINSIND,2025-06-23,3235.39990234375,3272.89990234375,3218.60009765625,3260.89990234375,220281,,NSE
CUMMINSIND,2025-06-24,3290.0,3339.0,3280.300048828125,3311.800048828125,391095,,NSE
CUMMINSIND,2025-06-25,3335.0,3338.0,3278.5,3318.89990234375,265673,,NSE
CUMMINSIND,2025-06-26,3319.89990234375,3393.0,3315.199951171875,3364.60009765625,835384,,NSE
CUMMINSIND,2025-06-27,3380.0,3430.0,3325.5,3337.199951171875,1274146,,NSE
CUMMINSIND,2025-06-30,3377.39990234375,3419.800048828125,3360.199951171875,3399.39990234375,421940,,NSE
CUMMINSIND,2025-07-01,3428.0,3450.800048828125,3338.800048828125,3348.300048828125,429888,,NSE
CUMMINSIND,2025-07-02,3358.0,3367.800048828125,3312.39990234375,3338.0,211985,,NSE
CUMMINSIND,2025-07-03,3343.0,3383.0,3318.300048828125,3332.89990234375,287404,,NSE
CUMMINSIND,2025-07-04,3332.89990234375,3368.800048828125,3317.60009765625,3342.0,230777,,NSE
CUMMINSIND,2025-07-07,3350.39990234375,3442.5,3330.300048828125,3436.10009765625,626858,,NSE
CUMMINSIND,2025-07-08,3455.0,3483.0,3414.0,3478.0,690654,,NSE
CUMMINSIND,2025-07-09,3495.0,3555.0,3478.89990234375,3523.89990234375,948964,,NSE
CUMMINSIND,2025-07-10,3545.0,3545.0,3503.199951171875,3518.89990234375,364230,,NSE
CUMMINSIND,2025-07-11,3519.0,3569.0,3496.0,3546.39990234375,791838,,NSE
CUMMINSIND,2025-07-14,3567.0,3567.0,3465.0,3523.800048828125,405403,,NSE
CUMMINSIND,2025-07-15,3532.0,3584.0,3501.0,3576.5,860744,,NSE
CUMMINSIND,2025-07-16,3590.0,3599.0,3552.199951171875,3567.60009765625,389532,,NSE
CUMMINSIND,2025-07-17,3579.89990234375,3605.0,3547.60009765625,3584.800048828125,494777,,NSE
CUMMINSIND,2025-07-18,3559.0,3569.199951171875,3511.0,3536.0,391491,,NSE
CUMMINSIND,2025-07-21,3536.10009765625,3632.0,3515.0,3617.89990234375,426607,,NSE
CUMMINSIND,2025-07-22,3628.0,3628.0,3555.60009765625,3587.39990234375,352113,,NSE
CUMMINSIND,2025-07-23,3588.39990234375,3625.10009765625,3548.10009765625,3616.39990234375,630663,,NSE
CUMMINSIND,2025-07-24,3616.39990234375,3633.0,3555.0,3563.699951171875,433746,,NSE
CUMMINSIND,2025-07-25,3563.10009765625,3579.10009765625,3520.0,3535.10009765625,395036,,NSE
CUMMINSIND,2025-07-28,3535.89990234375,3574.0,3481.5,3529.39990234375,370703,,NSE
CUMMINSIND,2025-07-29,3514.699951171875,3568.699951171875,3514.699951171875,3535.199951171875,561592,,NSE
CUMMINSIND,2025-07-30,3539.0,3590.0,3488.300048828125,3581.89990234375,479098,,NSE
CUMMINSIND,2025-07-31,3525.0,3596.89990234375,3502.0,3555.5,610344,,NSE
CUMMINSIND,2025-08-01,3559.89990234375,3617.199951171875,3539.5,3568.699951171875,459708,,NSE
CUMMINSIND,2025-08-04,3568.699951171875,3580.0,3510.10009765625,3566.800048828125,507506,,NSE
CUMMINSIND,2025-08-05,3566.0,3604.199951171875,3494.199951171875,3591.5,634486,,NSE
CUMMINSIND,2025-08-06,3638.0,3672.60009765625,3599.800048828125,3635.699951171875,899245,,NSE
CUMMINSIND,2025-08-07,3634.199951171875,3715.0,3572.89990234375,3674.0,545750,,NSE
CUMMINSIND,2025-08-08,3780.0,3900.10009765625,3658.0,3806.89990234375,3620871,,NSE
CUMMINSIND,2025-08-11,3806.89990234375,3822.39990234375,3760.0,3792.300048828125,658493,,NSE
CUMMINSIND,2025-08-12,3794.5,3808.5,3750.300048828125,3759.89990234375,566377,,NSE
CUMMINSIND,2025-08-13,3765.89990234375,3824.0,3761.0,3792.10009765625,557455,,NSE
CUMMINSIND,2025-08-14,3807.699951171875,3823.0,3771.0,3784.5,373609,,NSE
CUMMINSIND,2025-08-18,3818.300048828125,3850.699951171875,3777.800048828125,3783.39990234375,442925,,NSE
CUMMINSIND,2025-08-19,3797.0,3797.0,3733.5,3752.0,433016,,NSE
CUMMINSIND,2025-08-20,3756.5,3836.0,3729.5,3818.39990234375,559993,,NSE
CUMMINSIND,2025-08-21,3838.39990234375,3900.0,3814.0,3886.300048828125,702208,,NSE
CUMMINSIND,2025-08-22,3904.0,3932.0,3875.0,3916.0,558580,,NSE
CUMMINSIND,2025-08-25,3930.800048828125,3930.800048828125,3870.199951171875,3880.5,307872,,NSE
CUMMINSIND,2025-08-26,3880.0,3881.10009765625,3815.0,3836.5,464841,,NSE
CUMMINSIND,2025-08-28,3836.60009765625,3857.0,3777.300048828125,3835.199951171875,678197,,NSE
CUMMINSIND,2025-08-29,3855.0,3903.89990234375,3819.800048828125,3826.199951171875,430848,,NSE
CUMMINSIND,2025-09-01,3826.0,3907.10009765625,3814.60009765625,3880.10009765625,322056,,NSE
CUMMINSIND,2025-09-02,3900.0,3911.89990234375,3820.800048828125,3826.39990234375,426290,,NSE
CUMMINSIND,2025-09-03,3877.0,3899.0,3792.0,3885.199951171875,495601,,NSE
CUMMINSIND,2025-09-04,3908.89990234375,3959.5,3871.60009765625,3935.60009765625,554427,,NSE
CUMMINSIND,2025-09-05,3949.0,3974.39990234375,3902.10009765625,3936.800048828125,273518,,NSE
CUMMINSIND,2025-09-08,3957.5,3993.5,3928.39990234375,3966.60009765625,353699,,NSE
CUMMINSIND,2025-09-09,3970.0,4028.800048828125,3952.199951171875,4012.0,680881,,NSE
CUMMINSIND,2025-09-10,4064.0,4095.0,4012.0,4021.300048828125,600890,,NSE
CUMMINSIND,2025-09-11,4016.0,4058.89990234375,3997.0,4039.699951171875,438738,,NSE
CUMMINSIND,2025-09-12,4046.0,4057.300048828125,4017.300048828125,4030.39990234375,362283,,NSE
CUMMINSIND,2025-09-15,4059.89990234375,4079.0,4040.0,4050.800048828125,339900,,NSE
CUMMINSIND,2025-09-16,4060.0,4118.7001953125,4035.300048828125,4111.0,485082,,NSE
CUMMINSIND,2025-09-17,4115.0,4140.0,4075.0,4125.39990234375,362468,,NSE
CUMMINSIND,2025-09-18,4137.0,4168.7001953125,4092.60009765625,4101.0,258901,,NSE
CUMMINSIND,2025-09-19,4105.0,4122.0,4065.39990234375,4080.39990234375,421987,,NSE
CUMMINSIND,2025-09-22,4092.0,4114.5,3982.5,3990.10009765625,274057,,NSE
CUMMINSIND,2025-09-23,3990.0,4027.699951171875,3981.39990234375,4005.199951171875,203423,,NSE
CUMMINSIND,2025-09-24,4005.199951171875,4027.5,3980.10009765625,3988.89990234375,160301,,NSE
CUMMINSIND,2025-09-25,3990.10009765625,4044.89990234375,3967.800048828125,3976.89990234375,209955,,NSE
CUMMINSIND,2025-09-26,3981.0,4006.0,3926.699951171875,3947.60009765625,245108,,NSE
CUMMINSIND,2025-09-29,3947.60009765625,4010.300048828125,3930.0,3994.199951171875,355702,,NSE
CUMMINSIND,2025-09-30,4000.699951171875,4000.699951171875,3874.800048828125,3926.5,669486,,NSE
CUMMINSIND,2025-10-01,3926.0,3936.0,3845.0,3849.0,331424,,NSE
CUMMINSIND,2025-10-03,3849.39990234375,3950.699951171875,3833.0,3932.699951171875,432544,,NSE
CUMMINSIND,2025-10-06,3934.0,3967.199951171875,3921.10009765625,3943.0,289896,,NSE
CUMMINSIND,2025-10-07,3944.0,3980.0,3902.800048828125,3967.39990234375,186948,,NSE
CUMMINSIND,2025-10-08,3956.5,3964.60009765625,3882.5,3912.5,255169,,NSE
CUMMINSIND,2025-10-09,3910.199951171875,3979.0,3903.199951171875,3957.199951171875,189514,,NSE
CUMMINSIND,2025-10-10,3961.800048828125,4030.0,3900.10009765625,3966.0,532967,,NSE
CUMMINSIND,2025-10-13,3948.0,3970.0,3917.0,3957.0,217474,,NSE
CUMMINSIND,2025-10-14,3957.0,3974.199951171875,3927.699951171875,3945.199951171875,132397,,NSE
CUMMINSIND,2025-10-15,3945.199951171875,3992.0,3940.199951171875,3957.39990234375,136188,,NSE
CUMMINSIND,2025-10-16,3960.0,4007.5,3932.10009765625,3940.60009765625,299762,,NSE
CUMMINSIND,2025-10-17,3952.5,4019.0,3947.699951171875,3974.89990234375,249277,,NSE
CUMMINSIND,2025-10-20,3994.89990234375,4033.60009765625,3975.300048828125,4006.39990234375,447858,,NSE
CUMMINSIND,2025-10-21,4030.0,4030.0,3975.0,4000.89990234375,19931,,NSE
CUMMINSIND,2025-10-23,4020.0,4100.0,4001.0,4073.89990234375,656348,,NSE
CUMMINSIND,2025-10-24,4079.89990234375,4205.60009765625,4055.300048828125,4183.2001953125,953394,,NSE
CUMMINSIND,2025-10-27,4220.0,4324.0,4195.5,4311.5,784380,,NSE
CUMMINSIND,2025-10-28,4309.39990234375,4328.7001953125,4269.39990234375,4285.60009765625,579342,,NSE
CUMMINSIND,2025-10-29,4293.0,4366.2001953125,4271.10009765625,4357.89990234375,410367,,NSE
CUMMINSIND,2025-10-30,4357.89990234375,4398.39990234375,4310.0,4384.2001953125,444822,,NSE
CUMMINSIND,2025-10-31,4392.0,4399.7001953125,4333.0,4344.10009765625,677463,,NSE
CUMMINSIND,2025-11-03,4346.0,4402.89990234375,4344.39990234375,4379.7001953125,599569,,NSE
CUMMINSIND,2025-11-04,4360.2998046875,4362.39990234375,4290.7001953125,4316.7998046875,379236,,NSE
CUMMINSIND,2025-11-05,4316.7998046875,4316.7998046875,4316.7998046875,4316.7998046875,0,,NSE
CUMMINSIND,2025-11-06,4309.10009765625,4364.7998046875,4244.2001953125,4316.10009765625,693125,,NSE
CUMMINSIND,2025-11-07,4399.89990234375,4495.0,4251.0,4291.7998046875,1894670,,NSE
CUMMINSIND,2025-11-10,4300.10009765625,4375.0,4256.7001953125,4349.2001953125,754664,,NSE
CUMMINSIND,2025-11-11,4349.10009765625,4420.0,4290.89990234375,4414.2001953125,395014,,NSE
CUMMINSIND,2025-11-12,4420.0,4423.89990234375,4370.0,4395.39990234375,617858,,NSE
CUMMINSIND,2025-11-13,4367.5,4450.0,4350.0,4366.2001953125,405072,,NSE
CUMMINSIND,2025-11-14,4363.2998046875,4363.2998046875,4263.0,4283.2001953125,484458,,NSE
